CUST-4997,130.85bpm,4.0m/sec,Swimming,2025-05-04 15:24:56.039411
CUST-4998,193.76bpm,5.36m/sec,Swimming,2025-05-04 15:24:56.039486
CUST-4999,195.86bpm,10.69m/sec,Swimming,2025-05-04 15:24:56.039508
CUST-5000,167.41bpm,10.61m/sec,Running,2025-05-04 15:24:56.039528
CUST-5001,151.91bpm,8.06m/sec,Hiking,2025-05-04 15:24:56.039551
CUST-5002,130.38bpm,9.19m/sec,Walking,2025-05-04 15:24:56.039572
CUST-5003,148.09bpm,6.16m/sec,Hiking,2025-05-04 15:24:56.039623
CUST-5004,171.47bpm,6.15m/sec,Running,2025-05-04 15:24:56.039642
CUST-5005,184.93bpm,7.69m/sec,Swimming,2025-05-04 15:24:56.039661
CUST-5006,183.72bpm,7.27m/sec,Hiking,2025-05-04 15:24:56.039681
CUST-5007,153.76bpm,5.45m/sec,Hiking,2025-05-04 15:24:56.039713
CUST-5008,186.37bpm,8.45m/sec,Walking,2025-05-04 15:24:56.039749
CUST-5009,189.37bpm,7.85m/sec,Hiking,2025-05-04 15:24:56.039787
CUST-5010,175.01bpm,7.71m/sec,Swimming,2025-05-04 15:24:56.039805
CUST-5011,186.33bpm,5.2m/sec,Swimming,2025-05-04 15:24:56.039837
CUST-5012,164.1bpm,2.7m/sec,Swimming,2025-05-04 15:24:56.039867
CUST-5013,113.98bpm,9.29m/sec,Hiking,2025-05-04 15:24:56.039890
CUST-5014,164.94bpm,11.62m/sec,Running,2025-05-04 15:24:56.039929
CUST-5015,169.22bpm,5.46m/sec,Swimming,2025-05-04 15:24:56.039948
CUST-5016,164.91bpm,9.34m/sec,Swimming,2025-05-04 15:24:56.039977
CUST-5017,205.24bpm,8.8m/sec,Hiking,2025-05-04 15:24:56.039996
CUST-5018,129.32bpm,8.31m/sec,Walking,2025-05-04 15:24:56.040015
CUST-5019,200.29bpm,9.17m/sec,Walking,2025-05-04 15:24:56.040042
CUST-5020,114.06bpm,5.78m/sec,Running,2025-05-04 15:24:56.040060
CUST-5021,183.47bpm,8.47m/sec,Hiking,2025-05-04 15:24:56.040078
CUST-5022,120.71bpm,2.49m/sec,Walking,2025-05-04 15:24:56.040105
CUST-5023,187.58bpm,10.62m/sec,Swimming,2025-05-04 15:24:56.040132
CUST-5024,160.16bpm,3.12m/sec,Hiking,2025-05-04 15:24:56.040158
CUST-5025,175.3bpm,3.01m/sec,Running,2025-05-04 15:24:56.040179
CUST-5026,103.68bpm,8.34m/sec,Running,2025-05-04 15:24:56.040202
CUST-5027,138.09bpm,9.7m/sec,Hiking,2025-05-04 15:24:56.040231
CUST-5028,147.85bpm,3.6m/sec,Walking,2025-05-04 15:24:56.040267
CUST-5029,133.24bpm,7.42m/sec,Running,2025-05-04 15:24:56.040285
CUST-5030,158.94bpm,11.05m/sec,Walking,2025-05-04 15:24:56.040306
CUST-5031,107.42bpm,7.13m/sec,Swimming,2025-05-04 15:24:56.040324
CUST-5032,158.4bpm,4.64m/sec,Swimming,2025-05-04 15:24:56.040362
CUST-5033,146.15bpm,7.65m/sec,Swimming,2025-05-04 15:24:56.040394
CUST-5034,146.46bpm,1.16m/sec,Hiking,2025-05-04 15:24:56.040412
CUST-5035,132.87bpm,7.13m/sec,Running,2025-05-04 15:24:56.040433
CUST-5036,138.2bpm,11.84m/sec,Hiking,2025-05-04 15:24:56.040452
CUST-5037,130.25bpm,4.3m/sec,Walking,2025-05-04 15:24:56.040488
CUST-5038,205.14bpm,10.16m/sec,Walking,2025-05-04 15:24:56.040520
CUST-5039,167.62bpm,11.39m/sec,Swimming,2025-05-04 15:24:56.040539
CUST-5040,112.12bpm,3.35m/sec,Running,2025-05-04 15:24:56.040564
CUST-5041,135.12bpm,1.04m/sec,Running,2025-05-04 15:24:56.040624
CUST-5042,196.59bpm,6.99m/sec,Running,2025-05-04 15:24:56.040643
CUST-5043,114.71bpm,11.27m/sec,Running,2025-05-04 15:24:56.040663
CUST-5044,113.69bpm,1.95m/sec,Hiking,2025-05-04 15:24:56.040685
CUST-5045,132.32bpm,11.0m/sec,Running,2025-05-04 15:24:56.040720
CUST-5046,204.4bpm,1.68m/sec,Walking,2025-05-04 15:24:56.040747
CUST-5047,142.49bpm,10.48m/sec,Running,2025-05-04 15:24:56.040774
CUST-5048,178.59bpm,4.37m/sec,Walking,2025-05-04 15:24:56.040796
CUST-5049,125.07bpm,1.06m/sec,Swimming,2025-05-04 15:24:56.040818
CUST-5050,194.2bpm,7.23m/sec,Walking,2025-05-04 15:24:56.040854
CUST-5051,143.88bpm,9.62m/sec,Walking,2025-05-04 15:24:56.040884
CUST-5052,114.32bpm,3.44m/sec,Walking,2025-05-04 15:24:56.040907
CUST-5053,101.53bpm,11.24m/sec,Hiking,2025-05-04 15:24:56.040929
CUST-5054,150.69bpm,5.54m/sec,Walking,2025-05-04 15:24:56.040961
CUST-5055,179.07bpm,6.86m/sec,Walking,2025-05-04 15:24:56.040985
CUST-5056,132.97bpm,10.81m/sec,Walking,2025-05-04 15:24:56.041023
CUST-5057,180.65bpm,2.44m/sec,Swimming,2025-05-04 15:24:56.041045
CUST-5058,205.92bpm,9.27m/sec,Hiking,2025-05-04 15:24:56.041069
CUST-5059,204.91bpm,1.39m/sec,Swimming,2025-05-04 15:24:56.041116
CUST-5060,127.04bpm,9.75m/sec,Hiking,2025-05-04 15:24:56.041138
CUST-5061,114.11bpm,7.65m/sec,Running,2025-05-04 15:24:56.041174
CUST-5062,159.6bpm,7.22m/sec,Hiking,2025-05-04 15:24:56.041197
CUST-5063,167.24bpm,7.67m/sec,Walking,2025-05-04 15:24:56.041219
CUST-5064,145.57bpm,6.93m/sec,Walking,2025-05-04 15:24:56.041241
CUST-5065,207.65bpm,5.87m/sec,Running,2025-05-04 15:24:56.041266
CUST-5066,128.79bpm,4.01m/sec,Running,2025-05-04 15:24:56.041288
CUST-5067,121.03bpm,11.24m/sec,Walking,2025-05-04 15:24:56.041310
CUST-5068,197.2bpm,10.82m/sec,Swimming,2025-05-04 15:24:56.041332
CUST-5069,117.07bpm,3.73m/sec,Running,2025-05-04 15:24:56.041360
CUST-5070,180.78bpm,3.42m/sec,Hiking,2025-05-04 15:24:56.041382
CUST-5071,107.19bpm,4.21m/sec,Swimming,2025-05-04 15:24:56.041404
CUST-5072,108.72bpm,5.73m/sec,Walking,2025-05-04 15:24:56.041426
CUST-5073,120.59bpm,6.38m/sec,Running,2025-05-04 15:24:56.041483
CUST-5074,188.57bpm,3.96m/sec,Running,2025-05-04 15:24:56.041508
CUST-5075,175.87bpm,1.61m/sec,Hiking,2025-05-04 15:24:56.041530
CUST-5076,185.38bpm,10.74m/sec,Walking,2025-05-04 15:24:56.041552
CUST-5077,178.31bpm,1.89m/sec,Running,2025-05-04 15:24:56.041574
CUST-5078,123.74bpm,9.89m/sec,Running,2025-05-04 15:24:56.041596
CUST-5079,174.17bpm,10.35m/sec,Swimming,2025-05-04 15:24:56.041618
CUST-5080,105.94bpm,9.62m/sec,Running,2025-05-04 15:24:56.041640
CUST-5081,107.89bpm,5.16m/sec,Swimming,2025-05-04 15:24:56.041662
CUST-5082,101.45bpm,7.63m/sec,Running,2025-05-04 15:24:56.041684
CUST-5083,177.97bpm,6.95m/sec,Swimming,2025-05-04 15:24:56.041715
CUST-5084,190.15bpm,3.44m/sec,Running,2025-05-04 15:24:56.041737
CUST-5085,135.5bpm,2.96m/sec,Hiking,2025-05-04 15:24:56.041759
CUST-5086,102.2bpm,3.86m/sec,Hiking,2025-05-04 15:24:56.041781
CUST-5087,202.0bpm,7.99m/sec,Running,2025-05-04 15:24:56.041803
CUST-5088,181.6bpm,1.98m/sec,Walking,2025-05-04 15:24:56.041825
CUST-5089,186.22bpm,4.25m/sec,Walking,2025-05-04 15:24:56.041848
CUST-5090,173.59bpm,2.53m/sec,Walking,2025-05-04 15:24:56.041870
CUST-5091,194.58bpm,5.81m/sec,Swimming,2025-05-04 15:24:56.041891
CUST-5092,102.09bpm,10.17m/sec,Hiking,2025-05-04 15:24:56.041913
CUST-5093,177.73bpm,2.07m/sec,Hiking,2025-05-04 15:24:56.041935
CUST-5094,140.32bpm,11.46m/sec,Swimming,2025-05-04 15:24:56.041957
CUST-5095,157.18bpm,4.02m/sec,Walking,2025-05-04 15:24:56.041979
CUST-5096,205.36bpm,11.41m/sec,Running,2025-05-04 15:24:56.042000
CUST-5097,106.01bpm,9.73m/sec,Hiking,2025-05-04 15:24:56.042022
CUST-5098,169.13bpm,5.39m/sec,Walking,2025-05-04 15:24:56.042044
CUST-5099,161.77bpm,1.02m/sec,Walking,2025-05-04 15:24:56.042066
CUST-5100,193.2bpm,11.29m/sec,Running,2025-05-04 15:24:56.042088
CUST-5101,177.25bpm,11.31m/sec,Swimming,2025-05-04 15:24:56.042110
CUST-5102,102.13bpm,5.63m/sec,Walking,2025-05-04 15:24:56.042132
CUST-5103,171.98bpm,5.04m/sec,Walking,2025-05-04 15:24:56.042154
CUST-5104,141.19bpm,4.95m/sec,Swimming,2025-05-04 15:24:56.042176
CUST-5105,198.87bpm,9.06m/sec,Walking,2025-05-04 15:24:56.042198
CUST-5106,135.44bpm,7.68m/sec,Hiking,2025-05-04 15:24:56.042219
CUST-5107,176.84bpm,10.07m/sec,Swimming,2025-05-04 15:24:56.042271
CUST-5108,206.87bpm,4.07m/sec,Swimming,2025-05-04 15:24:56.042295
CUST-5109,100.95bpm,9.69m/sec,Running,2025-05-04 15:24:56.042349
CUST-5110,145.38bpm,7.28m/sec,Walking,2025-05-04 15:24:56.042384
CUST-5111,193.18bpm,9.65m/sec,Swimming,2025-05-04 15:24:56.042408
CUST-5112,177.1bpm,11.7m/sec,Walking,2025-05-04 15:24:56.042431
CUST-5113,115.6bpm,8.75m/sec,Running,2025-05-04 15:24:56.042454
CUST-5114,136.88bpm,9.75m/sec,Swimming,2025-05-04 15:24:56.042553
CUST-5115,152.05bpm,3.81m/sec,Swimming,2025-05-04 15:24:56.042601
CUST-5116,159.66bpm,8.95m/sec,Running,2025-05-04 15:24:56.042625
CUST-5117,188.24bpm,9.56m/sec,Hiking,2025-05-04 15:24:56.042648
CUST-5118,194.14bpm,8.48m/sec,Running,2025-05-04 15:24:56.042667
CUST-5119,108.87bpm,8.72m/sec,Running,2025-05-04 15:24:56.042685
CUST-5120,158.5bpm,4.51m/sec,Hiking,2025-05-04 15:24:56.042704
CUST-5121,112.92bpm,9.73m/sec,Hiking,2025-05-04 15:24:56.042722
CUST-5122,151.13bpm,9.84m/sec,Hiking,2025-05-04 15:24:56.042856
CUST-5123,129.78bpm,6.53m/sec,Hiking,2025-05-04 15:24:56.042876
CUST-5124,133.85bpm,11.39m/sec,Swimming,2025-05-04 15:24:56.042894
CUST-5125,144.52bpm,2.1m/sec,Swimming,2025-05-04 15:24:56.042913
CUST-5126,198.0bpm,9.45m/sec,Swimming,2025-05-04 15:24:56.042931
CUST-5127,196.95bpm,11.13m/sec,Swimming,2025-05-04 15:24:56.042949
CUST-5128,165.98bpm,6.26m/sec,Swimming,2025-05-04 15:24:56.042968
CUST-5129,167.58bpm,6.99m/sec,Swimming,2025-05-04 15:24:56.042986
CUST-5130,153.35bpm,7.12m/sec,Swimming,2025-05-04 15:24:56.043004
CUST-5131,152.57bpm,10.87m/sec,Swimming,2025-05-04 15:24:56.043022
CUST-5132,173.32bpm,3.3m/sec,Hiking,2025-05-04 15:24:56.043041
CUST-5133,121.78bpm,5.73m/sec,Hiking,2025-05-04 15:24:56.043059
CUST-5134,149.97bpm,3.89m/sec,Walking,2025-05-04 15:24:56.043078
CUST-5135,108.31bpm,6.54m/sec,Swimming,2025-05-04 15:24:56.043096
CUST-5136,197.51bpm,7.88m/sec,Hiking,2025-05-04 15:24:56.043114
CUST-5137,166.48bpm,5.56m/sec,Running,2025-05-04 15:24:56.043133
CUST-5138,186.15bpm,2.52m/sec,Swimming,2025-05-04 15:24:56.043158
CUST-5139,125.34bpm,10.01m/sec,Walking,2025-05-04 15:24:56.043176
CUST-5140,195.32bpm,5.14m/sec,Hiking,2025-05-04 15:24:56.043195
CUST-5141,121.5bpm,7.97m/sec,Running,2025-05-04 15:24:56.043213
CUST-5142,125.48bpm,4.94m/sec,Running,2025-05-04 15:24:56.043238
CUST-5143,168.99bpm,8.33m/sec,Hiking,2025-05-04 15:24:56.043256
CUST-5144,189.88bpm,9.95m/sec,Running,2025-05-04 15:24:56.043274
CUST-5145,110.24bpm,9.95m/sec,Swimming,2025-05-04 15:24:56.043293
CUST-5146,190.0bpm,2.29m/sec,Swimming,2025-05-04 15:24:56.043311
CUST-5147,193.91bpm,10.08m/sec,Running,2025-05-04 15:24:56.043330
CUST-5148,167.82bpm,1.26m/sec,Running,2025-05-04 15:24:56.043348
CUST-5149,209.05bpm,4.56m/sec,Hiking,2025-05-04 15:24:56.043366
CUST-5150,106.79bpm,11.34m/sec,Running,2025-05-04 15:24:56.043384
CUST-5151,147.8bpm,11.87m/sec,Swimming,2025-05-04 15:24:56.043402
CUST-5152,120.07bpm,1.59m/sec,Running,2025-05-04 15:24:56.043420
CUST-5153,160.47bpm,3.76m/sec,Hiking,2025-05-04 15:24:56.043438
CUST-5154,206.8bpm,3.87m/sec,Hiking,2025-05-04 15:24:56.043457
CUST-5155,199.41bpm,5.57m/sec,Hiking,2025-05-04 15:24:56.043475
CUST-5156,187.9bpm,1.47m/sec,Hiking,2025-05-04 15:24:56.043493
CUST-5157,171.01bpm,5.46m/sec,Running,2025-05-04 15:24:56.043511
CUST-5158,164.92bpm,6.62m/sec,Walking,2025-05-04 15:24:56.043548
CUST-5159,198.69bpm,7.57m/sec,Swimming,2025-05-04 15:24:56.043567
CUST-5160,160.15bpm,5.6m/sec,Hiking,2025-05-04 15:24:56.043585
CUST-5161,203.24bpm,2.57m/sec,Hiking,2025-05-04 15:24:56.043603
CUST-5162,129.77bpm,10.0m/sec,Walking,2025-05-04 15:24:56.043622
CUST-5163,142.92bpm,4.29m/sec,Walking,2025-05-04 15:24:56.043639
CUST-5164,145.66bpm,1.51m/sec,Walking,2025-05-04 15:24:56.043657
CUST-5165,152.21bpm,1.08m/sec,Swimming,2025-05-04 15:24:56.043675
CUST-5166,118.0bpm,10.45m/sec,Hiking,2025-05-04 15:24:56.043694
CUST-5167,209.58bpm,3.16m/sec,Walking,2025-05-04 15:24:56.043712
CUST-5168,150.15bpm,9.17m/sec,Hiking,2025-05-04 15:24:56.043730
CUST-5169,144.3bpm,11.37m/sec,Hiking,2025-05-04 15:24:56.043750
CUST-5170,157.02bpm,9.3m/sec,Running,2025-05-04 15:24:56.043769
CUST-5171,170.96bpm,11.98m/sec,Walking,2025-05-04 15:24:56.043787
CUST-5172,177.2bpm,10.47m/sec,Walking,2025-05-04 15:24:56.043806
CUST-5173,207.09bpm,5.32m/sec,Running,2025-05-04 15:24:56.043824
CUST-5174,140.55bpm,10.79m/sec,Walking,2025-05-04 15:24:56.043842
CUST-5175,142.08bpm,6.69m/sec,Hiking,2025-05-04 15:24:56.043860
CUST-5176,121.83bpm,9.15m/sec,Hiking,2025-05-04 15:24:56.043878
CUST-5177,179.59bpm,3.76m/sec,Running,2025-05-04 15:24:56.043896
CUST-5178,137.67bpm,2.31m/sec,Hiking,2025-05-04 15:24:56.043926
CUST-5179,120.15bpm,10.95m/sec,Hiking,2025-05-04 15:24:56.043944
CUST-5180,208.38bpm,10.93m/sec,Swimming,2025-05-04 15:24:56.043962
CUST-5181,101.02bpm,10.68m/sec,Walking,2025-05-04 15:24:56.043980
CUST-5182,153.6bpm,2.64m/sec,Hiking,2025-05-04 15:24:56.044005
CUST-5183,110.12bpm,1.42m/sec,Hiking,2025-05-04 15:24:56.044025
CUST-5184,188.78bpm,8.36m/sec,Swimming,2025-05-04 15:24:56.044043
CUST-5185,111.16bpm,11.53m/sec,Running,2025-05-04 15:24:56.044061
CUST-5186,178.52bpm,5.11m/sec,Swimming,2025-05-04 15:24:56.044084
CUST-5187,161.66bpm,6.32m/sec,Swimming,2025-05-04 15:24:56.044102
CUST-5188,172.6bpm,6.21m/sec,Hiking,2025-05-04 15:24:56.044120
CUST-5189,162.33bpm,4.61m/sec,Swimming,2025-05-04 15:24:56.044138
CUST-5190,184.26bpm,11.42m/sec,Walking,2025-05-04 15:24:56.044163
CUST-5191,176.66bpm,11.15m/sec,Swimming,2025-05-04 15:24:56.044181
CUST-5192,101.68bpm,5.28m/sec,Hiking,2025-05-04 15:24:56.044199
CUST-5193,174.21bpm,3.36m/sec,Swimming,2025-05-04 15:24:56.044217
CUST-5194,156.78bpm,5.86m/sec,Running,2025-05-04 15:24:56.044243
CUST-5195,112.37bpm,5.16m/sec,Swimming,2025-05-04 15:24:56.044261
CUST-5196,164.53bpm,6.73m/sec,Walking,2025-05-04 15:24:56.044279
CUST-5197,159.29bpm,10.54m/sec,Hiking,2025-05-04 15:24:56.044298
CUST-5198,206.86bpm,1.94m/sec,Hiking,2025-05-04 15:24:56.044323
CUST-5199,209.34bpm,11.55m/sec,Running,2025-05-04 15:24:56.044341
CUST-5200,172.95bpm,6.47m/sec,Running,2025-05-04 15:24:56.044359
CUST-5201,107.0bpm,10.99m/sec,Hiking,2025-05-04 15:24:56.044378
CUST-5202,142.07bpm,1.88m/sec,Walking,2025-05-04 15:24:56.044396
CUST-5203,110.36bpm,3.86m/sec,Hiking,2025-05-04 15:24:56.044414
CUST-5204,136.53bpm,5.6m/sec,Running,2025-05-04 15:24:56.044432
CUST-5205,153.91bpm,10.95m/sec,Running,2025-05-04 15:24:56.044450
CUST-5206,206.89bpm,3.49m/sec,Running,2025-05-04 15:24:56.044468
CUST-5207,196.17bpm,9.32m/sec,Walking,2025-05-04 15:24:56.044486
CUST-5208,139.62bpm,10.03m/sec,Running,2025-05-04 15:24:56.044504
CUST-5209,179.46bpm,3.3m/sec,Walking,2025-05-04 15:24:56.044522
CUST-5210,191.25bpm,8.72m/sec,Swimming,2025-05-04 15:24:56.044541
CUST-5211,119.66bpm,8.54m/sec,Swimming,2025-05-04 15:24:56.044640
CUST-5212,118.42bpm,11.71m/sec,Swimming,2025-05-04 15:24:56.044675
CUST-5213,208.85bpm,2.63m/sec,Hiking,2025-05-04 15:24:56.044700
CUST-5214,208.1bpm,8.2m/sec,Swimming,2025-05-04 15:24:56.044720
CUST-5215,136.68bpm,11.36m/sec,Running,2025-05-04 15:24:56.044739
CUST-5216,164.17bpm,11.02m/sec,Running,2025-05-04 15:24:56.044757
CUST-5217,118.97bpm,8.8m/sec,Hiking,2025-05-04 15:24:56.044775
CUST-5218,173.47bpm,2.52m/sec,Running,2025-05-04 15:24:56.044793
CUST-5219,128.42bpm,7.76m/sec,Running,2025-05-04 15:24:56.044811
CUST-5220,187.62bpm,5.33m/sec,Running,2025-05-04 15:24:56.044829
CUST-5221,180.54bpm,5.99m/sec,Walking,2025-05-04 15:24:56.044846
CUST-5222,194.95bpm,8.51m/sec,Hiking,2025-05-04 15:24:56.044864
CUST-5223,157.86bpm,4.23m/sec,Running,2025-05-04 15:24:56.044882
CUST-5224,114.49bpm,11.53m/sec,Hiking,2025-05-04 15:24:56.044899
CUST-5225,127.89bpm,5.14m/sec,Running,2025-05-04 15:24:56.044917
CUST-5226,190.54bpm,3.84m/sec,Hiking,2025-05-04 15:24:56.044935
CUST-5227,157.47bpm,7.41m/sec,Swimming,2025-05-04 15:24:56.044952
CUST-5228,182.41bpm,11.18m/sec,Swimming,2025-05-04 15:24:56.044970
CUST-5229,184.12bpm,9.32m/sec,Hiking,2025-05-04 15:24:56.044987
CUST-5230,204.34bpm,9.95m/sec,Hiking,2025-05-04 15:24:56.045006
CUST-5231,179.43bpm,11.76m/sec,Hiking,2025-05-04 15:24:56.045025
CUST-5232,114.75bpm,9.4m/sec,Swimming,2025-05-04 15:24:56.045043
CUST-5233,167.46bpm,9.26m/sec,Swimming,2025-05-04 15:24:56.045061
CUST-5234,193.4bpm,6.03m/sec,Swimming,2025-05-04 15:24:56.045078
CUST-5235,143.17bpm,4.33m/sec,Running,2025-05-04 15:24:56.045096
CUST-5236,206.03bpm,7.52m/sec,Running,2025-05-04 15:24:56.045113
CUST-5237,209.37bpm,6.27m/sec,Running,2025-05-04 15:24:56.045130
CUST-5238,145.18bpm,4.83m/sec,Swimming,2025-05-04 15:24:56.045147
CUST-5239,119.68bpm,6.42m/sec,Walking,2025-05-04 15:24:56.045165
CUST-5240,110.03bpm,5.28m/sec,Walking,2025-05-04 15:24:56.045182
CUST-5241,176.27bpm,2.87m/sec,Running,2025-05-04 15:24:56.045199
CUST-5242,132.05bpm,3.32m/sec,Running,2025-05-04 15:24:56.045217
CUST-5243,133.08bpm,2.81m/sec,Swimming,2025-05-04 15:24:56.045234
CUST-5244,209.77bpm,5.32m/sec,Hiking,2025-05-04 15:24:56.045252
CUST-5245,104.97bpm,10.04m/sec,Hiking,2025-05-04 15:24:56.045269
CUST-5246,139.19bpm,11.41m/sec,Running,2025-05-04 15:24:56.045357
CUST-5247,173.41bpm,10.05m/sec,Swimming,2025-05-04 15:24:56.045377
CUST-5248,167.09bpm,6.52m/sec,Running,2025-05-04 15:24:56.045395
CUST-5249,145.56bpm,2.65m/sec,Running,2025-05-04 15:24:56.045413
CUST-5250,115.69bpm,4.66m/sec,Swimming,2025-05-04 15:24:56.045430
CUST-5251,209.07bpm,2.67m/sec,Walking,2025-05-04 15:24:56.045447
CUST-5252,189.7bpm,4.54m/sec,Hiking,2025-05-04 15:24:56.045465
CUST-5253,176.44bpm,10.67m/sec,Running,2025-05-04 15:24:56.045482
CUST-5254,151.57bpm,2.36m/sec,Hiking,2025-05-04 15:24:56.045500
CUST-5255,160.14bpm,11.59m/sec,Hiking,2025-05-04 15:24:56.045517
CUST-5256,149.56bpm,11.51m/sec,Walking,2025-05-04 15:24:56.045534
CUST-5257,187.64bpm,4.2m/sec,Swimming,2025-05-04 15:24:56.045552
CUST-5258,111.47bpm,4.38m/sec,Hiking,2025-05-04 15:24:56.045569
CUST-5259,194.22bpm,11.08m/sec,Swimming,2025-05-04 15:24:56.045587
CUST-5260,137.42bpm,5.12m/sec,Running,2025-05-04 15:24:56.045604
CUST-5261,176.53bpm,9.15m/sec,Running,2025-05-04 15:24:56.045622
CUST-5262,135.54bpm,9.29m/sec,Hiking,2025-05-04 15:24:56.045639
CUST-5263,106.97bpm,4.63m/sec,Walking,2025-05-04 15:24:56.045656
CUST-5264,163.04bpm,10.81m/sec,Swimming,2025-05-04 15:24:56.045674
CUST-5265,110.58bpm,4.68m/sec,Swimming,2025-05-04 15:24:56.045691
CUST-5266,187.18bpm,10.38m/sec,Running,2025-05-04 15:24:56.045709
CUST-5267,193.95bpm,8.4m/sec,Swimming,2025-05-04 15:24:56.045726
CUST-5268,172.2bpm,3.64m/sec,Running,2025-05-04 15:24:56.045743
CUST-5269,112.38bpm,3.4m/sec,Hiking,2025-05-04 15:24:56.045761
CUST-5270,159.53bpm,9.91m/sec,Walking,2025-05-04 15:24:56.045778
CUST-5271,189.41bpm,1.11m/sec,Running,2025-05-04 15:24:56.045796
CUST-5272,117.52bpm,3.8m/sec,Running,2025-05-04 15:24:56.045813
CUST-5273,105.79bpm,2.1m/sec,Running,2025-05-04 15:24:56.045830
CUST-5274,132.88bpm,1.08m/sec,Swimming,2025-05-04 15:24:56.045848
CUST-5275,105.82bpm,3.7m/sec,Running,2025-05-04 15:24:56.045865
CUST-5276,176.47bpm,2.84m/sec,Running,2025-05-04 15:24:56.045882
CUST-5277,107.55bpm,8.9m/sec,Walking,2025-05-04 15:24:56.045905
CUST-5278,166.6bpm,4.04m/sec,Swimming,2025-05-04 15:24:56.045923
CUST-5279,136.9bpm,11.93m/sec,Running,2025-05-04 15:24:56.045940
CUST-5280,200.43bpm,9.37m/sec,Swimming,2025-05-04 15:24:56.045958
CUST-5281,183.2bpm,9.11m/sec,Swimming,2025-05-04 15:24:56.045975
CUST-5282,191.13bpm,1.14m/sec,Walking,2025-05-04 15:24:56.045993
CUST-5283,115.92bpm,9.99m/sec,Walking,2025-05-04 15:24:56.046011
CUST-5284,153.96bpm,11.02m/sec,Swimming,2025-05-04 15:24:56.046028
CUST-5285,188.3bpm,3.42m/sec,Swimming,2025-05-04 15:24:56.046045
CUST-5286,142.65bpm,3.04m/sec,Swimming,2025-05-04 15:24:56.046063
CUST-5287,125.82bpm,8.46m/sec,Swimming,2025-05-04 15:24:56.046080
CUST-5288,149.61bpm,9.52m/sec,Swimming,2025-05-04 15:24:56.046098
CUST-5289,160.45bpm,6.12m/sec,Walking,2025-05-04 15:24:56.046115
CUST-5290,120.65bpm,3.84m/sec,Hiking,2025-05-04 15:24:56.046133
CUST-5291,203.45bpm,11.32m/sec,Swimming,2025-05-04 15:24:56.046150
CUST-5292,131.06bpm,10.22m/sec,Swimming,2025-05-04 15:24:56.046168
CUST-5293,179.39bpm,9.18m/sec,Walking,2025-05-04 15:24:56.046185
CUST-5294,188.77bpm,2.76m/sec,Hiking,2025-05-04 15:24:56.046202
CUST-5295,192.05bpm,7.02m/sec,Running,2025-05-04 15:24:56.046220
CUST-5296,141.81bpm,3.81m/sec,Swimming,2025-05-04 15:24:56.046237
CUST-5297,193.73bpm,5.46m/sec,Running,2025-05-04 15:24:56.046254
CUST-5298,120.29bpm,3.74m/sec,Walking,2025-05-04 15:24:56.046271
CUST-5299,143.04bpm,3.32m/sec,Running,2025-05-04 15:24:56.046288
CUST-5300,122.99bpm,2.48m/sec,Hiking,2025-05-04 15:24:56.046306
CUST-5301,106.68bpm,6.23m/sec,Hiking,2025-05-04 15:24:56.046323
CUST-5302,173.66bpm,2.8m/sec,Hiking,2025-05-04 15:24:56.046340
CUST-5303,191.8bpm,4.72m/sec,Hiking,2025-05-04 15:24:56.046357
CUST-5304,104.62bpm,7.37m/sec,Running,2025-05-04 15:24:56.046374
CUST-5305,202.57bpm,11.56m/sec,Walking,2025-05-04 15:24:56.046392
CUST-5306,195.27bpm,8.33m/sec,Swimming,2025-05-04 15:24:56.046409
CUST-5307,106.5bpm,4.15m/sec,Hiking,2025-05-04 15:24:56.046433
CUST-5308,194.74bpm,8.81m/sec,Running,2025-05-04 15:24:56.046450
CUST-5309,178.66bpm,2.14m/sec,Hiking,2025-05-04 15:24:56.046467
CUST-5310,150.3bpm,3.48m/sec,Running,2025-05-04 15:24:56.046484
CUST-5311,104.41bpm,9.04m/sec,Swimming,2025-05-04 15:24:56.046501
CUST-5312,155.2bpm,7.59m/sec,Walking,2025-05-04 15:24:56.046519
CUST-5313,143.2bpm,1.87m/sec,Walking,2025-05-04 15:24:56.046536
CUST-5314,176.37bpm,7.33m/sec,Walking,2025-05-04 15:24:56.046553
CUST-5315,174.89bpm,11.52m/sec,Walking,2025-05-04 15:24:56.046570
CUST-5316,111.94bpm,3.74m/sec,Running,2025-05-04 15:24:56.046587
CUST-5317,134.56bpm,6.17m/sec,Running,2025-05-04 15:24:56.046604
CUST-5318,125.6bpm,7.14m/sec,Hiking,2025-05-04 15:24:56.046621
CUST-5319,121.19bpm,4.45m/sec,Hiking,2025-05-04 15:24:56.046638
CUST-5320,101.35bpm,9.49m/sec,Swimming,2025-05-04 15:24:56.046655
CUST-5321,146.69bpm,5.93m/sec,Hiking,2025-05-04 15:24:56.046673
CUST-5322,122.56bpm,3.7m/sec,Swimming,2025-05-04 15:24:56.046690
CUST-5323,200.34bpm,3.52m/sec,Hiking,2025-05-04 15:24:56.046707
CUST-5324,115.22bpm,1.05m/sec,Hiking,2025-05-04 15:24:56.046724
CUST-5325,130.02bpm,9.84m/sec,Swimming,2025-05-04 15:24:56.046741
CUST-5326,162.93bpm,6.65m/sec,Walking,2025-05-04 15:24:56.046759
CUST-5327,205.83bpm,10.64m/sec,Hiking,2025-05-04 15:24:56.046777
CUST-5328,183.2bpm,4.57m/sec,Hiking,2025-05-04 15:24:56.046794
CUST-5329,133.63bpm,4.54m/sec,Swimming,2025-05-04 15:24:56.046811
CUST-5330,165.37bpm,9.0m/sec,Walking,2025-05-04 15:24:56.046828
CUST-5331,143.55bpm,3.98m/sec,Walking,2025-05-04 15:24:56.046846
CUST-5332,122.71bpm,8.55m/sec,Walking,2025-05-04 15:24:56.046863
CUST-5333,146.91bpm,6.88m/sec,Hiking,2025-05-04 15:24:56.046880
CUST-5334,197.71bpm,8.49m/sec,Swimming,2025-05-04 15:24:56.046897
CUST-5335,179.86bpm,10.15m/sec,Hiking,2025-05-04 15:24:56.046914
CUST-5336,208.38bpm,6.37m/sec,Swimming,2025-05-04 15:24:56.046931
CUST-5337,117.52bpm,10.15m/sec,Walking,2025-05-04 15:24:56.046949
CUST-5338,179.42bpm,8.74m/sec,Walking,2025-05-04 15:24:56.046967
CUST-5339,191.54bpm,4.84m/sec,Hiking,2025-05-04 15:24:56.046984
CUST-5340,137.9bpm,8.94m/sec,Hiking,2025-05-04 15:24:56.047001
CUST-5341,108.29bpm,3.55m/sec,Walking,2025-05-04 15:24:56.047018
CUST-5342,199.38bpm,10.16m/sec,Swimming,2025-05-04 15:24:56.047036
CUST-5343,106.21bpm,10.42m/sec,Running,2025-05-04 15:24:56.047053
CUST-5344,189.74bpm,8.96m/sec,Swimming,2025-05-04 15:24:56.047071
CUST-5345,115.57bpm,1.86m/sec,Hiking,2025-05-04 15:24:56.047088
CUST-5346,181.05bpm,4.51m/sec,Swimming,2025-05-04 15:24:56.047105
CUST-5347,175.43bpm,7.48m/sec,Running,2025-05-04 15:24:56.047123
CUST-5348,155.9bpm,2.03m/sec,Swimming,2025-05-04 15:24:56.047140
CUST-5349,148.44bpm,4.01m/sec,Walking,2025-05-04 15:24:56.047157
CUST-5350,170.7bpm,10.86m/sec,Walking,2025-05-04 15:24:56.047175
CUST-5351,138.53bpm,6.19m/sec,Walking,2025-05-04 15:24:56.047192
CUST-5352,191.67bpm,6.21m/sec,Walking,2025-05-04 15:24:56.047210
CUST-5353,119.51bpm,9.4m/sec,Hiking,2025-05-04 15:24:56.047227
CUST-5354,193.97bpm,6.67m/sec,Running,2025-05-04 15:24:56.047245
CUST-5355,127.86bpm,8.66m/sec,Swimming,2025-05-04 15:24:56.047262
CUST-5356,114.72bpm,4.9m/sec,Hiking,2025-05-04 15:24:56.047279
CUST-5357,133.79bpm,6.47m/sec,Running,2025-05-04 15:24:56.047297
CUST-5358,106.73bpm,7.14m/sec,Running,2025-05-04 15:24:56.047314
CUST-5359,139.9bpm,7.75m/sec,Swimming,2025-05-04 15:24:56.047331
CUST-5360,195.22bpm,6.35m/sec,Hiking,2025-05-04 15:24:56.047348
CUST-5361,186.63bpm,7.32m/sec,Hiking,2025-05-04 15:24:56.047366
CUST-5362,124.35bpm,2.22m/sec,Swimming,2025-05-04 15:24:56.047383
CUST-5363,197.13bpm,3.54m/sec,Walking,2025-05-04 15:24:56.047400
CUST-5364,156.71bpm,9.78m/sec,Hiking,2025-05-04 15:24:56.047417
CUST-5365,159.44bpm,2.06m/sec,Hiking,2025-05-04 15:24:56.047434
CUST-5366,161.0bpm,2.02m/sec,Hiking,2025-05-04 15:24:56.047451
CUST-5367,152.01bpm,1.1m/sec,Running,2025-05-04 15:24:56.047468
CUST-5368,169.68bpm,3.2m/sec,Walking,2025-05-04 15:24:56.047486
CUST-5369,143.39bpm,1.26m/sec,Swimming,2025-05-04 15:24:56.047503
CUST-5370,170.15bpm,4.14m/sec,Running,2025-05-04 15:24:56.047558
CUST-5371,198.66bpm,10.33m/sec,Hiking,2025-05-04 15:24:56.047577
CUST-5372,174.2bpm,4.67m/sec,Running,2025-05-04 15:24:56.047595
CUST-5373,169.77bpm,2.1m/sec,Running,2025-05-04 15:24:56.047612
CUST-5374,198.84bpm,1.65m/sec,Walking,2025-05-04 15:24:56.047629
CUST-5375,138.44bpm,9.09m/sec,Hiking,2025-05-04 15:24:56.047647
CUST-5376,198.99bpm,3.76m/sec,Running,2025-05-04 15:24:56.047664
CUST-5377,174.82bpm,7.28m/sec,Running,2025-05-04 15:24:56.047681
CUST-5378,113.83bpm,9.59m/sec,Swimming,2025-05-04 15:24:56.047698
CUST-5379,196.32bpm,5.89m/sec,Hiking,2025-05-04 15:24:56.047716
CUST-5380,138.51bpm,6.15m/sec,Running,2025-05-04 15:24:56.047733
CUST-5381,163.2bpm,4.83m/sec,Walking,2025-05-04 15:24:56.047750
CUST-5382,186.35bpm,3.61m/sec,Running,2025-05-04 15:24:56.047767
CUST-5383,123.36bpm,4.6m/sec,Running,2025-05-04 15:24:56.047786
CUST-5384,134.01bpm,4.14m/sec,Swimming,2025-05-04 15:24:56.047803
CUST-5385,148.96bpm,8.87m/sec,Walking,2025-05-04 15:24:56.047820
CUST-5386,183.44bpm,6.69m/sec,Swimming,2025-05-04 15:24:56.047837
CUST-5387,121.76bpm,10.59m/sec,Running,2025-05-04 15:24:56.047854
CUST-5388,133.11bpm,2.61m/sec,Walking,2025-05-04 15:24:56.047872
CUST-5389,101.8bpm,6.2m/sec,Swimming,2025-05-04 15:24:56.047889
CUST-5390,202.87bpm,5.61m/sec,Hiking,2025-05-04 15:24:56.047907
CUST-5391,175.68bpm,1.49m/sec,Walking,2025-05-04 15:24:56.047923
CUST-5392,108.77bpm,2.43m/sec,Swimming,2025-05-04 15:24:56.047940
CUST-5393,116.62bpm,7.62m/sec,Walking,2025-05-04 15:24:56.047958
CUST-5394,135.85bpm,3.4m/sec,Walking,2025-05-04 15:24:56.047975
CUST-5395,168.56bpm,11.44m/sec,Swimming,2025-05-04 15:24:56.047992
CUST-5396,166.72bpm,3.36m/sec,Swimming,2025-05-04 15:24:56.048009
CUST-5397,193.9bpm,11.77m/sec,Swimming,2025-05-04 15:24:56.048026
CUST-5398,173.55bpm,1.49m/sec,Swimming,2025-05-04 15:24:56.048043
CUST-5399,152.22bpm,11.14m/sec,Swimming,2025-05-04 15:24:56.048061
CUST-5400,181.58bpm,6.51m/sec,Swimming,2025-05-04 15:24:56.048078
CUST-5401,100.19bpm,6.5m/sec,Swimming,2025-05-04 15:24:56.048095
CUST-5402,176.17bpm,3.99m/sec,Hiking,2025-05-04 15:24:56.048112
CUST-5403,139.87bpm,7.98m/sec,Running,2025-05-04 15:24:56.048129
CUST-5404,112.24bpm,3.16m/sec,Swimming,2025-05-04 15:24:56.048146
CUST-5405,202.52bpm,1.16m/sec,Walking,2025-05-04 15:24:56.048163
CUST-5406,115.0bpm,2.49m/sec,Hiking,2025-05-04 15:24:56.048180
CUST-5407,178.68bpm,6.13m/sec,Hiking,2025-05-04 15:24:56.048197
CUST-5408,193.89bpm,2.01m/sec,Swimming,2025-05-04 15:24:56.048214
CUST-5409,120.43bpm,6.0m/sec,Swimming,2025-05-04 15:24:56.048232
CUST-5410,151.02bpm,6.41m/sec,Running,2025-05-04 15:24:56.048249
CUST-5411,182.69bpm,3.35m/sec,Running,2025-05-04 15:24:56.048266
CUST-5412,191.98bpm,11.65m/sec,Running,2025-05-04 15:24:56.048283
CUST-5413,144.43bpm,6.16m/sec,Walking,2025-05-04 15:24:56.048300
CUST-5414,140.13bpm,1.72m/sec,Hiking,2025-05-04 15:24:56.048317
CUST-5415,154.62bpm,9.92m/sec,Walking,2025-05-04 15:24:56.048335
CUST-5416,176.72bpm,3.87m/sec,Walking,2025-05-04 15:24:56.048351
CUST-5417,157.91bpm,3.91m/sec,Swimming,2025-05-04 15:24:56.048369
CUST-5418,182.0bpm,5.58m/sec,Walking,2025-05-04 15:24:56.048386
CUST-5419,209.95bpm,7.47m/sec,Running,2025-05-04 15:24:56.048403
CUST-5420,160.23bpm,4.22m/sec,Running,2025-05-04 15:24:56.048420
CUST-5421,111.24bpm,1.55m/sec,Running,2025-05-04 15:24:56.048436
CUST-5422,126.14bpm,9.63m/sec,Hiking,2025-05-04 15:24:56.048454
CUST-5423,138.44bpm,8.86m/sec,Walking,2025-05-04 15:24:56.048471
CUST-5424,115.73bpm,6.98m/sec,Hiking,2025-05-04 15:24:56.048488
CUST-5425,207.99bpm,3.81m/sec,Walking,2025-05-04 15:24:56.048505
CUST-5426,124.17bpm,1.7m/sec,Walking,2025-05-04 15:24:56.048522
CUST-5427,150.47bpm,10.25m/sec,Walking,2025-05-04 15:24:56.048539
CUST-5428,133.02bpm,7.56m/sec,Walking,2025-05-04 15:24:56.048557
CUST-5429,208.22bpm,7.97m/sec,Swimming,2025-05-04 15:24:56.048573
CUST-5430,186.91bpm,4.48m/sec,Swimming,2025-05-04 15:24:56.048590
CUST-5431,127.78bpm,6.15m/sec,Walking,2025-05-04 15:24:56.048608
CUST-5432,102.35bpm,10.49m/sec,Hiking,2025-05-04 15:24:56.048625
CUST-5433,114.42bpm,8.15m/sec,Hiking,2025-05-04 15:24:56.048642
CUST-5434,176.85bpm,1.41m/sec,Swimming,2025-05-04 15:24:56.048658
CUST-5435,201.77bpm,4.15m/sec,Walking,2025-05-04 15:24:56.048675
CUST-5436,120.86bpm,5.92m/sec,Swimming,2025-05-04 15:24:56.048692
CUST-5437,146.32bpm,9.21m/sec,Hiking,2025-05-04 15:24:56.048710
CUST-5438,190.64bpm,3.67m/sec,Swimming,2025-05-04 15:24:56.048726
CUST-5439,161.14bpm,5.44m/sec,Swimming,2025-05-04 15:24:56.048744
CUST-5440,172.22bpm,5.24m/sec,Running,2025-05-04 15:24:56.048761
CUST-5441,169.57bpm,1.36m/sec,Swimming,2025-05-04 15:24:56.048777
CUST-5442,169.11bpm,5.37m/sec,Swimming,2025-05-04 15:24:56.048795
CUST-5443,149.58bpm,5.09m/sec,Walking,2025-05-04 15:24:56.048812
CUST-5444,132.35bpm,10.82m/sec,Hiking,2025-05-04 15:24:56.048829
CUST-5445,177.59bpm,11.91m/sec,Hiking,2025-05-04 15:24:56.048847
CUST-5446,166.25bpm,4.08m/sec,Running,2025-05-04 15:24:56.048864
CUST-5447,121.67bpm,9.53m/sec,Swimming,2025-05-04 15:24:56.048882
CUST-5448,166.23bpm,9.16m/sec,Swimming,2025-05-04 15:24:56.048899
CUST-5449,188.54bpm,11.62m/sec,Hiking,2025-05-04 15:24:56.048917
CUST-5450,136.19bpm,11.7m/sec,Hiking,2025-05-04 15:24:56.048934
CUST-5451,203.18bpm,9.4m/sec,Swimming,2025-05-04 15:24:56.048951
CUST-5452,120.72bpm,7.84m/sec,Running,2025-05-04 15:24:56.048969
CUST-5453,159.01bpm,4.28m/sec,Swimming,2025-05-04 15:24:56.048986
CUST-5454,119.13bpm,7.45m/sec,Running,2025-05-04 15:24:56.049003
CUST-5455,180.37bpm,1.56m/sec,Running,2025-05-04 15:24:56.049020
CUST-5456,171.31bpm,8.03m/sec,Hiking,2025-05-04 15:24:56.049037
CUST-5457,139.97bpm,5.89m/sec,Running,2025-05-04 15:24:56.049054
CUST-5458,189.69bpm,1.32m/sec,Swimming,2025-05-04 15:24:56.049071
CUST-5459,149.29bpm,8.15m/sec,Walking,2025-05-04 15:24:56.049088
CUST-5460,139.82bpm,1.44m/sec,Running,2025-05-04 15:24:56.049106
CUST-5461,130.46bpm,7.24m/sec,Hiking,2025-05-04 15:24:56.049123
CUST-5462,178.98bpm,4.41m/sec,Hiking,2025-05-04 15:24:56.049140
CUST-5463,158.98bpm,8.19m/sec,Walking,2025-05-04 15:24:56.049158
CUST-5464,186.99bpm,11.99m/sec,Swimming,2025-05-04 15:24:56.049175
CUST-5465,167.1bpm,3.05m/sec,Swimming,2025-05-04 15:24:56.049192
CUST-5466,139.03bpm,11.87m/sec,Swimming,2025-05-04 15:24:56.049210
CUST-5467,114.14bpm,3.63m/sec,Running,2025-05-04 15:24:56.049227
CUST-5468,119.3bpm,8.62m/sec,Walking,2025-05-04 15:24:56.049244
CUST-5469,102.59bpm,7.16m/sec,Swimming,2025-05-04 15:24:56.049261
CUST-5470,133.7bpm,1.59m/sec,Walking,2025-05-04 15:24:56.049278
CUST-5471,138.01bpm,9.65m/sec,Hiking,2025-05-04 15:24:56.049295
CUST-5472,138.27bpm,2.27m/sec,Hiking,2025-05-04 15:24:56.049312
CUST-5473,178.18bpm,11.34m/sec,Walking,2025-05-04 15:24:56.049329
CUST-5474,139.15bpm,4.98m/sec,Walking,2025-05-04 15:24:56.049346
CUST-5475,129.25bpm,3.61m/sec,Walking,2025-05-04 15:24:56.049363
CUST-5476,100.47bpm,8.03m/sec,Walking,2025-05-04 15:24:56.049380
CUST-5477,184.72bpm,10.81m/sec,Walking,2025-05-04 15:24:56.049398
CUST-5478,142.25bpm,8.21m/sec,Swimming,2025-05-04 15:24:56.049415
CUST-5479,105.47bpm,11.86m/sec,Walking,2025-05-04 15:24:56.049433
CUST-5480,110.48bpm,9.54m/sec,Walking,2025-05-04 15:24:56.049451
CUST-5481,148.71bpm,11.05m/sec,Running,2025-05-04 15:24:56.049468
CUST-5482,137.66bpm,3.11m/sec,Swimming,2025-05-04 15:24:56.049485
CUST-5483,156.09bpm,2.44m/sec,Hiking,2025-05-04 15:24:56.049503
CUST-5484,202.7bpm,5.81m/sec,Swimming,2025-05-04 15:24:56.049520
CUST-5485,149.16bpm,6.13m/sec,Swimming,2025-05-04 15:24:56.049537
CUST-5486,166.11bpm,8.86m/sec,Walking,2025-05-04 15:24:56.049554
CUST-5487,148.83bpm,5.49m/sec,Swimming,2025-05-04 15:24:56.049571
CUST-5488,202.49bpm,6.15m/sec,Swimming,2025-05-04 15:24:56.049588
CUST-5489,189.19bpm,2.1m/sec,Walking,2025-05-04 15:24:56.049607
CUST-5490,126.04bpm,6.9m/sec,Walking,2025-05-04 15:24:56.049624
CUST-5491,133.83bpm,5.63m/sec,Swimming,2025-05-04 15:24:56.049641
CUST-5492,209.43bpm,11.28m/sec,Running,2025-05-04 15:24:56.049658
CUST-5493,126.69bpm,8.16m/sec,Swimming,2025-05-04 15:24:56.049721
CUST-5494,190.84bpm,10.26m/sec,Swimming,2025-05-04 15:24:56.049740
CUST-5495,114.8bpm,4.92m/sec,Running,2025-05-04 15:24:56.049757
CUST-5496,206.79bpm,8.75m/sec,Walking,2025-05-04 15:24:56.049775
CUST-5497,179.96bpm,9.91m/sec,Walking,2025-05-04 15:24:56.049792
CUST-5498,137.26bpm,10.81m/sec,Running,2025-05-04 15:24:56.049809
CUST-5499,167.41bpm,9.64m/sec,Hiking,2025-05-04 15:24:56.049827
CUST-5500,112.86bpm,9.25m/sec,Hiking,2025-05-04 15:24:56.049844
CUST-5501,115.77bpm,6.69m/sec,Hiking,2025-05-04 15:24:56.049861
CUST-5502,152.18bpm,5.18m/sec,Swimming,2025-05-04 15:24:56.049878
CUST-5503,186.16bpm,4.91m/sec,Swimming,2025-05-04 15:24:56.049895
CUST-5504,114.0bpm,7.93m/sec,Walking,2025-05-04 15:24:56.049912
CUST-5505,130.07bpm,7.62m/sec,Walking,2025-05-04 15:24:56.049929
CUST-5506,160.01bpm,10.16m/sec,Running,2025-05-04 15:24:56.049946
CUST-5507,177.29bpm,1.67m/sec,Swimming,2025-05-04 15:24:56.049963
CUST-5508,119.57bpm,6.09m/sec,Swimming,2025-05-04 15:24:56.049981
CUST-5509,168.18bpm,8.55m/sec,Walking,2025-05-04 15:24:56.049998
CUST-5510,169.88bpm,6.74m/sec,Hiking,2025-05-04 15:24:56.050016
CUST-5511,122.89bpm,6.23m/sec,Running,2025-05-04 15:24:56.050033
CUST-5512,117.73bpm,10.69m/sec,Swimming,2025-05-04 15:24:56.050051
CUST-5513,192.76bpm,2.62m/sec,Walking,2025-05-04 15:24:56.050069
CUST-5514,121.45bpm,5.0m/sec,Hiking,2025-05-04 15:24:56.050086
CUST-5515,177.64bpm,11.57m/sec,Swimming,2025-05-04 15:24:56.050104
CUST-5516,182.63bpm,3.06m/sec,Walking,2025-05-04 15:24:56.050121
CUST-5517,142.5bpm,7.64m/sec,Hiking,2025-05-04 15:24:56.050139
CUST-5518,119.35bpm,1.44m/sec,Running,2025-05-04 15:24:56.050157
CUST-5519,101.85bpm,11.79m/sec,Hiking,2025-05-04 15:24:56.050175
CUST-5520,110.52bpm,7.32m/sec,Running,2025-05-04 15:24:56.050193
CUST-5521,159.94bpm,5.59m/sec,Swimming,2025-05-04 15:24:56.050211
CUST-5522,148.44bpm,6.3m/sec,Hiking,2025-05-04 15:24:56.050228
CUST-5523,118.44bpm,1.95m/sec,Hiking,2025-05-04 15:24:56.050249
CUST-5524,151.69bpm,2.18m/sec,Running,2025-05-04 15:24:56.050268
CUST-5525,159.04bpm,4.67m/sec,Walking,2025-05-04 15:24:56.050286
CUST-5526,130.29bpm,10.06m/sec,Running,2025-05-04 15:24:56.050303
CUST-5527,111.78bpm,3.27m/sec,Hiking,2025-05-04 15:24:56.050321
CUST-5528,181.78bpm,8.91m/sec,Hiking,2025-05-04 15:24:56.050338
CUST-5529,197.2bpm,1.55m/sec,Hiking,2025-05-04 15:24:56.050357
CUST-5530,199.86bpm,7.49m/sec,Swimming,2025-05-04 15:24:56.050374
CUST-5531,190.62bpm,8.23m/sec,Swimming,2025-05-04 15:24:56.050391
CUST-5532,157.92bpm,5.69m/sec,Hiking,2025-05-04 15:24:56.050408
CUST-5533,172.84bpm,10.03m/sec,Walking,2025-05-04 15:24:56.050425
CUST-5534,123.63bpm,3.23m/sec,Hiking,2025-05-04 15:24:56.050442
CUST-5535,184.0bpm,3.51m/sec,Walking,2025-05-04 15:24:56.050459
CUST-5536,178.43bpm,7.75m/sec,Swimming,2025-05-04 15:24:56.050477
CUST-5537,180.62bpm,2.29m/sec,Running,2025-05-04 15:24:56.050569
CUST-5538,144.62bpm,8.59m/sec,Hiking,2025-05-04 15:24:56.050590
CUST-5539,170.78bpm,3.95m/sec,Running,2025-05-04 15:24:56.050607
CUST-5540,158.09bpm,9.23m/sec,Walking,2025-05-04 15:24:56.050624
CUST-5541,118.9bpm,9.36m/sec,Running,2025-05-04 15:24:56.050642
CUST-5542,177.83bpm,10.79m/sec,Swimming,2025-05-04 15:24:56.050660
CUST-5543,163.28bpm,9.72m/sec,Running,2025-05-04 15:24:56.050677
CUST-5544,145.68bpm,9.81m/sec,Walking,2025-05-04 15:24:56.050694
CUST-5545,107.92bpm,1.2m/sec,Running,2025-05-04 15:24:56.050712
CUST-5546,206.73bpm,1.56m/sec,Running,2025-05-04 15:24:56.050729
CUST-5547,181.98bpm,8.13m/sec,Running,2025-05-04 15:24:56.050746
CUST-5548,205.4bpm,2.01m/sec,Walking,2025-05-04 15:24:56.050763
CUST-5549,173.0bpm,3.85m/sec,Hiking,2025-05-04 15:24:56.050780
CUST-5550,115.25bpm,10.14m/sec,Running,2025-05-04 15:24:56.050863
CUST-5551,128.42bpm,9.83m/sec,Swimming,2025-05-04 15:24:56.050908
CUST-5552,138.13bpm,6.44m/sec,Walking,2025-05-04 15:24:56.050930
CUST-5553,116.94bpm,1.33m/sec,Walking,2025-05-04 15:24:56.050950
CUST-5554,155.66bpm,1.65m/sec,Walking,2025-05-04 15:24:56.051008
CUST-5555,194.05bpm,11.84m/sec,Walking,2025-05-04 15:24:56.051028
CUST-5556,104.32bpm,2.18m/sec,Swimming,2025-05-04 15:24:56.051047
CUST-5557,140.85bpm,8.71m/sec,Running,2025-05-04 15:24:56.051068
CUST-5558,149.75bpm,8.91m/sec,Running,2025-05-04 15:24:56.051089
CUST-5559,201.48bpm,2.54m/sec,Running,2025-05-04 15:24:56.051108
CUST-5560,188.08bpm,11.03m/sec,Running,2025-05-04 15:24:56.051126
CUST-5561,139.95bpm,9.93m/sec,Running,2025-05-04 15:24:56.051144
CUST-5562,197.24bpm,10.26m/sec,Running,2025-05-04 15:24:56.051162
CUST-5563,120.96bpm,4.26m/sec,Hiking,2025-05-04 15:24:56.051180
CUST-5564,103.29bpm,10.43m/sec,Swimming,2025-05-04 15:24:56.051198
CUST-5565,203.12bpm,2.02m/sec,Running,2025-05-04 15:24:56.051216
CUST-5566,131.78bpm,5.96m/sec,Swimming,2025-05-04 15:24:56.051234
CUST-5567,135.04bpm,1.3m/sec,Walking,2025-05-04 15:24:56.051252
CUST-5568,121.39bpm,6.14m/sec,Swimming,2025-05-04 15:24:56.051271
CUST-5569,129.07bpm,5.73m/sec,Swimming,2025-05-04 15:24:56.051290
CUST-5570,167.61bpm,7.53m/sec,Running,2025-05-04 15:24:56.051307
CUST-5571,199.33bpm,2.53m/sec,Walking,2025-05-04 15:24:56.051324
CUST-5572,133.37bpm,2.71m/sec,Walking,2025-05-04 15:24:56.051342
CUST-5573,204.52bpm,10.85m/sec,Swimming,2025-05-04 15:24:56.051360
CUST-5574,171.34bpm,1.8m/sec,Swimming,2025-05-04 15:24:56.051377
CUST-5575,163.0bpm,6.31m/sec,Swimming,2025-05-04 15:24:56.051396
CUST-5576,191.41bpm,7.42m/sec,Hiking,2025-05-04 15:24:56.051413
CUST-5577,159.89bpm,8.83m/sec,Swimming,2025-05-04 15:24:56.051431
CUST-5578,160.12bpm,3.63m/sec,Running,2025-05-04 15:24:56.051448
CUST-5579,199.95bpm,9.57m/sec,Hiking,2025-05-04 15:24:56.051465
CUST-5580,164.1bpm,6.99m/sec,Hiking,2025-05-04 15:24:56.051482
CUST-5581,184.91bpm,1.14m/sec,Running,2025-05-04 15:24:56.051500
CUST-5582,148.53bpm,3.22m/sec,Swimming,2025-05-04 15:24:56.051517
CUST-5583,208.75bpm,1.3m/sec,Running,2025-05-04 15:24:56.051535
CUST-5584,192.01bpm,5.85m/sec,Running,2025-05-04 15:24:56.051553
CUST-5585,198.38bpm,11.8m/sec,Swimming,2025-05-04 15:24:56.051571
CUST-5586,123.11bpm,7.51m/sec,Walking,2025-05-04 15:24:56.051596
CUST-5587,153.47bpm,9.44m/sec,Swimming,2025-05-04 15:24:56.051613
CUST-5588,106.61bpm,7.61m/sec,Hiking,2025-05-04 15:24:56.051631
CUST-5589,193.28bpm,2.67m/sec,Walking,2025-05-04 15:24:56.051648
CUST-5590,177.82bpm,1.92m/sec,Hiking,2025-05-04 15:24:56.051666
CUST-5591,164.06bpm,4.0m/sec,Swimming,2025-05-04 15:24:56.051698
CUST-5592,180.09bpm,6.47m/sec,Running,2025-05-04 15:24:56.051719
CUST-5593,107.21bpm,4.65m/sec,Running,2025-05-04 15:24:56.051741
CUST-5594,171.36bpm,8.73m/sec,Walking,2025-05-04 15:24:56.051761
CUST-5595,162.8bpm,7.25m/sec,Hiking,2025-05-04 15:24:56.051780
CUST-5596,171.36bpm,4.98m/sec,Running,2025-05-04 15:24:56.051797
CUST-5597,113.23bpm,4.7m/sec,Swimming,2025-05-04 15:24:56.051815
CUST-5598,176.03bpm,7.32m/sec,Hiking,2025-05-04 15:24:56.051832
CUST-5599,107.43bpm,1.57m/sec,Hiking,2025-05-04 15:24:56.051849
CUST-5600,129.16bpm,1.35m/sec,Walking,2025-05-04 15:24:56.051867
CUST-5601,136.58bpm,8.34m/sec,Walking,2025-05-04 15:24:56.051885
