CUST-17984,187.78bpm,9.33m/sec,Hiking,2025-05-03 12:33:50.774115
CUST-17985,155.65bpm,5.73m/sec,Walking,2025-05-03 12:33:50.774137
CUST-17986,190.63bpm,3.79m/sec,Hiking,2025-05-03 12:33:50.774148
CUST-17987,198.49bpm,6.3m/sec,Hiking,2025-05-03 12:33:50.774159
CUST-17988,117.46bpm,3.48m/sec,Walking,2025-05-03 12:33:50.774168
CUST-17989,126.89bpm,7.38m/sec,Swimming,2025-05-03 12:33:50.774178
CUST-17990,192.68bpm,3.33m/sec,Swimming,2025-05-03 12:33:50.774187
CUST-17991,111.19bpm,7.59m/sec,Swimming,2025-05-03 12:33:50.774197
CUST-17992,192.72bpm,2.1m/sec,Swimming,2025-05-03 12:33:50.774206
CUST-17993,196.41bpm,11.91m/sec,Swimming,2025-05-03 12:33:50.774216
CUST-17994,165.84bpm,5.16m/sec,Hiking,2025-05-03 12:33:50.774225
CUST-17995,106.76bpm,9.85m/sec,Running,2025-05-03 12:33:50.774235
CUST-17996,169.17bpm,4.13m/sec,Walking,2025-05-03 12:33:50.774244
CUST-17997,131.75bpm,1.76m/sec,Walking,2025-05-03 12:33:50.774254
CUST-17998,170.33bpm,8.49m/sec,Running,2025-05-03 12:33:50.774263
CUST-17999,121.84bpm,10.73m/sec,Running,2025-05-03 12:33:50.774273
CUST-18000,164.9bpm,10.83m/sec,Running,2025-05-03 12:33:50.774282
CUST-18001,152.13bpm,6.21m/sec,Hiking,2025-05-03 12:33:50.774292
CUST-18002,207.27bpm,9.64m/sec,Walking,2025-05-03 12:33:50.774301
CUST-18003,156.53bpm,5.33m/sec,Walking,2025-05-03 12:33:50.774311
CUST-18004,182.44bpm,10.28m/sec,Walking,2025-05-03 12:33:50.774320
CUST-18005,163.94bpm,9.51m/sec,Swimming,2025-05-03 12:33:50.774329
CUST-18006,121.19bpm,9.73m/sec,Swimming,2025-05-03 12:33:50.774338
CUST-18007,153.99bpm,4.53m/sec,Walking,2025-05-03 12:33:50.774348
CUST-18008,204.2bpm,9.61m/sec,Running,2025-05-03 12:33:50.774357
CUST-18009,205.85bpm,5.45m/sec,Swimming,2025-05-03 12:33:50.774366
CUST-18010,139.76bpm,11.78m/sec,Running,2025-05-03 12:33:50.774376
CUST-18011,182.96bpm,1.04m/sec,Swimming,2025-05-03 12:33:50.774385
CUST-18012,118.38bpm,4.23m/sec,Walking,2025-05-03 12:33:50.774395
CUST-18013,137.05bpm,7.71m/sec,Walking,2025-05-03 12:33:50.774404
CUST-18014,143.43bpm,2.83m/sec,Swimming,2025-05-03 12:33:50.774414
CUST-18015,195.69bpm,9.23m/sec,Walking,2025-05-03 12:33:50.774423
CUST-18016,188.67bpm,7.59m/sec,Running,2025-05-03 12:33:50.774432
CUST-18017,111.52bpm,7.73m/sec,Running,2025-05-03 12:33:50.774442
CUST-18018,200.3bpm,3.55m/sec,Hiking,2025-05-03 12:33:50.774451
CUST-18019,122.27bpm,10.79m/sec,Walking,2025-05-03 12:33:50.774460
CUST-18020,137.36bpm,4.39m/sec,Running,2025-05-03 12:33:50.774470
CUST-18021,167.34bpm,8.9m/sec,Walking,2025-05-03 12:33:50.774479
CUST-18022,205.65bpm,1.39m/sec,Walking,2025-05-03 12:33:50.774489
CUST-18023,116.2bpm,8.76m/sec,Hiking,2025-05-03 12:33:50.774498
CUST-18024,209.66bpm,5.48m/sec,Running,2025-05-03 12:33:50.774508
CUST-18025,202.37bpm,4.59m/sec,Walking,2025-05-03 12:33:50.774517
CUST-18026,200.88bpm,10.61m/sec,Hiking,2025-05-03 12:33:50.774527
CUST-18027,194.83bpm,3.02m/sec,Swimming,2025-05-03 12:33:50.774536
CUST-18028,145.23bpm,4.92m/sec,Swimming,2025-05-03 12:33:50.774545
CUST-18029,166.71bpm,5.22m/sec,Walking,2025-05-03 12:33:50.774554
CUST-18030,101.55bpm,7.47m/sec,Walking,2025-05-03 12:33:50.774563
CUST-18031,205.9bpm,2.18m/sec,Walking,2025-05-03 12:33:50.774573
CUST-18032,191.64bpm,5.48m/sec,Running,2025-05-03 12:33:50.774582
CUST-18033,171.76bpm,2.21m/sec,Swimming,2025-05-03 12:33:50.774592
CUST-18034,129.4bpm,10.88m/sec,Swimming,2025-05-03 12:33:50.774601
CUST-18035,148.24bpm,4.37m/sec,Walking,2025-05-03 12:33:50.774611
CUST-18036,197.48bpm,5.42m/sec,Swimming,2025-05-03 12:33:50.774620
CUST-18037,145.52bpm,11.4m/sec,Running,2025-05-03 12:33:50.774630
CUST-18038,143.54bpm,5.06m/sec,Walking,2025-05-03 12:33:50.774639
CUST-18039,164.35bpm,11.43m/sec,Swimming,2025-05-03 12:33:50.774648
CUST-18040,130.12bpm,7.32m/sec,Running,2025-05-03 12:33:50.774658
CUST-18041,143.54bpm,5.09m/sec,Walking,2025-05-03 12:33:50.774667
CUST-18042,147.15bpm,11.58m/sec,Hiking,2025-05-03 12:33:50.774676
CUST-18043,112.19bpm,2.11m/sec,Swimming,2025-05-03 12:33:50.774685
CUST-18044,131.25bpm,4.02m/sec,Hiking,2025-05-03 12:33:50.774694
CUST-18045,135.33bpm,7.88m/sec,Swimming,2025-05-03 12:33:50.774703
CUST-18046,142.39bpm,2.01m/sec,Hiking,2025-05-03 12:33:50.774714
CUST-18047,204.52bpm,3.17m/sec,Walking,2025-05-03 12:33:50.774723
CUST-18048,203.31bpm,10.67m/sec,Running,2025-05-03 12:33:50.774732
CUST-18049,161.86bpm,5.49m/sec,Swimming,2025-05-03 12:33:50.774741
CUST-18050,110.3bpm,2.68m/sec,Walking,2025-05-03 12:33:50.774751
CUST-18051,105.33bpm,11.21m/sec,Running,2025-05-03 12:33:50.774760
CUST-18052,203.45bpm,9.7m/sec,Running,2025-05-03 12:33:50.774769
CUST-18053,115.11bpm,3.51m/sec,Hiking,2025-05-03 12:33:50.774778
CUST-18054,138.65bpm,6.72m/sec,Running,2025-05-03 12:33:50.774787
CUST-18055,208.61bpm,3.54m/sec,Hiking,2025-05-03 12:33:50.774797
CUST-18056,184.18bpm,8.89m/sec,Hiking,2025-05-03 12:33:50.774806
CUST-18057,102.57bpm,6.9m/sec,Walking,2025-05-03 12:33:50.774815
CUST-18058,143.47bpm,6.6m/sec,Swimming,2025-05-03 12:33:50.774824
CUST-18059,185.55bpm,10.51m/sec,Running,2025-05-03 12:33:50.774833
CUST-18060,194.07bpm,9.63m/sec,Swimming,2025-05-03 12:33:50.774844
CUST-18061,165.33bpm,10.28m/sec,Swimming,2025-05-03 12:33:50.774853
CUST-18062,152.44bpm,8.85m/sec,Swimming,2025-05-03 12:33:50.774863
CUST-18063,132.66bpm,6.55m/sec,Swimming,2025-05-03 12:33:50.774875
CUST-18064,109.36bpm,10.52m/sec,Walking,2025-05-03 12:33:50.774885
CUST-18065,207.11bpm,6.57m/sec,Swimming,2025-05-03 12:33:50.774894
CUST-18066,198.06bpm,9.27m/sec,Swimming,2025-05-03 12:33:50.774903
CUST-18067,115.14bpm,6.98m/sec,Running,2025-05-03 12:33:50.774913
CUST-18068,194.95bpm,2.18m/sec,Walking,2025-05-03 12:33:50.774922
CUST-18069,162.24bpm,2.49m/sec,Swimming,2025-05-03 12:33:50.774931
CUST-18070,195.45bpm,10.14m/sec,Walking,2025-05-03 12:33:50.774940
CUST-18071,120.92bpm,1.85m/sec,Walking,2025-05-03 12:33:50.774949
CUST-18072,145.43bpm,7.77m/sec,Hiking,2025-05-03 12:33:50.774958
CUST-18073,100.07bpm,9.84m/sec,Swimming,2025-05-03 12:33:50.774967
CUST-18074,159.06bpm,11.86m/sec,Hiking,2025-05-03 12:33:50.774976
CUST-18075,177.62bpm,7.01m/sec,Running,2025-05-03 12:33:50.774986
CUST-18076,149.84bpm,2.17m/sec,Running,2025-05-03 12:33:50.774995
CUST-18077,163.05bpm,7.41m/sec,Running,2025-05-03 12:33:50.775004
CUST-18078,183.2bpm,7.27m/sec,Hiking,2025-05-03 12:33:50.775014
CUST-18079,194.72bpm,2.11m/sec,Running,2025-05-03 12:33:50.775023
CUST-18080,137.73bpm,8.64m/sec,Swimming,2025-05-03 12:33:50.775032
CUST-18081,201.64bpm,8.37m/sec,Walking,2025-05-03 12:33:50.775041
CUST-18082,178.03bpm,7.41m/sec,Walking,2025-05-03 12:33:50.775050
CUST-18083,101.63bpm,1.86m/sec,Hiking,2025-05-03 12:33:50.775059
CUST-18084,131.51bpm,2.08m/sec,Running,2025-05-03 12:33:50.775068
CUST-18085,164.09bpm,6.5m/sec,Swimming,2025-05-03 12:33:50.775077
CUST-18086,122.08bpm,4.59m/sec,Swimming,2025-05-03 12:33:50.775087
CUST-18087,162.76bpm,6.21m/sec,Walking,2025-05-03 12:33:50.775096
CUST-18088,151.37bpm,9.95m/sec,Swimming,2025-05-03 12:33:50.775105
CUST-18089,101.49bpm,3.48m/sec,Running,2025-05-03 12:33:50.775114
CUST-18090,148.69bpm,11.03m/sec,Swimming,2025-05-03 12:33:50.775123
CUST-18091,187.2bpm,9.69m/sec,Walking,2025-05-03 12:33:50.775132
CUST-18092,168.54bpm,2.77m/sec,Running,2025-05-03 12:33:50.775142
CUST-18093,162.43bpm,3.7m/sec,Swimming,2025-05-03 12:33:50.775151
CUST-18094,128.49bpm,5.18m/sec,Walking,2025-05-03 12:33:50.775161
CUST-18095,194.81bpm,11.58m/sec,Swimming,2025-05-03 12:33:50.775171
CUST-18096,114.15bpm,8.53m/sec,Swimming,2025-05-03 12:33:50.775180
CUST-18097,194.33bpm,8.38m/sec,Running,2025-05-03 12:33:50.775189
CUST-18098,141.6bpm,5.77m/sec,Swimming,2025-05-03 12:33:50.775198
CUST-18099,127.11bpm,11.42m/sec,Walking,2025-05-03 12:33:50.775207
CUST-18100,193.04bpm,1.82m/sec,Running,2025-05-03 12:33:50.775217
CUST-18101,133.05bpm,8.75m/sec,Walking,2025-05-03 12:33:50.775226
CUST-18102,142.48bpm,9.15m/sec,Hiking,2025-05-03 12:33:50.775235
CUST-18103,194.25bpm,7.1m/sec,Walking,2025-05-03 12:33:50.775244
CUST-18104,130.79bpm,5.41m/sec,Walking,2025-05-03 12:33:50.775253
CUST-18105,109.64bpm,7.98m/sec,Walking,2025-05-03 12:33:50.775262
CUST-18106,115.77bpm,3.69m/sec,Swimming,2025-05-03 12:33:50.775370
CUST-18107,186.08bpm,5.35m/sec,Swimming,2025-05-03 12:33:50.775380
CUST-18108,183.38bpm,7.13m/sec,Walking,2025-05-03 12:33:50.775390
CUST-18109,183.22bpm,11.13m/sec,Walking,2025-05-03 12:33:50.775399
CUST-18110,142.02bpm,8.87m/sec,Walking,2025-05-03 12:33:50.775408
CUST-18111,147.9bpm,10.51m/sec,Walking,2025-05-03 12:33:50.775418
CUST-18112,157.39bpm,3.41m/sec,Swimming,2025-05-03 12:33:50.775427
CUST-18113,185.32bpm,1.72m/sec,Hiking,2025-05-03 12:33:50.775436
CUST-18114,119.85bpm,7.15m/sec,Hiking,2025-05-03 12:33:50.775445
CUST-18115,118.99bpm,4.32m/sec,Walking,2025-05-03 12:33:50.775455
CUST-18116,174.9bpm,6.74m/sec,Hiking,2025-05-03 12:33:50.775464
CUST-18117,187.29bpm,8.37m/sec,Hiking,2025-05-03 12:33:50.775473
CUST-18118,160.68bpm,4.77m/sec,Hiking,2025-05-03 12:33:50.775482
CUST-18119,201.2bpm,8.54m/sec,Swimming,2025-05-03 12:33:50.775491
CUST-18120,194.1bpm,10.17m/sec,Running,2025-05-03 12:33:50.775500
CUST-18121,180.41bpm,2.9m/sec,Running,2025-05-03 12:33:50.775509
CUST-18122,181.05bpm,8.27m/sec,Running,2025-05-03 12:33:50.775519
CUST-18123,200.76bpm,9.9m/sec,Swimming,2025-05-03 12:33:50.775528
CUST-18124,159.44bpm,2.32m/sec,Running,2025-05-03 12:33:50.775537
CUST-18125,133.56bpm,7.21m/sec,Hiking,2025-05-03 12:33:50.775546
CUST-18126,123.74bpm,2.03m/sec,Running,2025-05-03 12:33:50.775555
CUST-18127,171.76bpm,11.37m/sec,Walking,2025-05-03 12:33:50.775564
CUST-18128,195.92bpm,9.93m/sec,Walking,2025-05-03 12:33:50.775574
CUST-18129,114.47bpm,9.03m/sec,Running,2025-05-03 12:33:50.775583
CUST-18130,163.77bpm,5.08m/sec,Hiking,2025-05-03 12:33:50.775592
CUST-18131,103.19bpm,7.91m/sec,Running,2025-05-03 12:33:50.775601
CUST-18132,119.89bpm,4.43m/sec,Walking,2025-05-03 12:33:50.775610
CUST-18133,200.82bpm,5.18m/sec,Walking,2025-05-03 12:33:50.775619
CUST-18134,127.35bpm,4.73m/sec,Running,2025-05-03 12:33:50.775628
CUST-18135,161.59bpm,10.21m/sec,Hiking,2025-05-03 12:33:50.775637
CUST-18136,101.59bpm,10.6m/sec,Running,2025-05-03 12:33:50.775647
CUST-18137,189.0bpm,6.69m/sec,Running,2025-05-03 12:33:50.775656
CUST-18138,143.8bpm,6.71m/sec,Hiking,2025-05-03 12:33:50.775665
CUST-18139,164.38bpm,10.04m/sec,Running,2025-05-03 12:33:50.775675
CUST-18140,139.28bpm,3.46m/sec,Running,2025-05-03 12:33:50.775685
CUST-18141,160.8bpm,2.25m/sec,Hiking,2025-05-03 12:33:50.775694
CUST-18142,108.1bpm,1.13m/sec,Walking,2025-05-03 12:33:50.775703
CUST-18143,164.78bpm,2.71m/sec,Running,2025-05-03 12:33:50.775713
CUST-18144,153.33bpm,6.1m/sec,Swimming,2025-05-03 12:33:50.775722
CUST-18145,108.38bpm,6.56m/sec,Walking,2025-05-03 12:33:50.775731
CUST-18146,117.6bpm,11.81m/sec,Hiking,2025-05-03 12:33:50.775740
CUST-18147,197.07bpm,9.96m/sec,Swimming,2025-05-03 12:33:50.775750
CUST-18148,144.02bpm,2.04m/sec,Swimming,2025-05-03 12:33:50.775759
CUST-18149,114.25bpm,8.87m/sec,Walking,2025-05-03 12:33:50.775768
CUST-18150,114.35bpm,6.13m/sec,Walking,2025-05-03 12:33:50.775777
CUST-18151,135.63bpm,4.51m/sec,Swimming,2025-05-03 12:33:50.775786
CUST-18152,198.01bpm,3.58m/sec,Swimming,2025-05-03 12:33:50.775795
CUST-18153,198.85bpm,11.42m/sec,Hiking,2025-05-03 12:33:50.775805
CUST-18154,158.16bpm,8.47m/sec,Swimming,2025-05-03 12:33:50.775814
CUST-18155,197.13bpm,9.26m/sec,Swimming,2025-05-03 12:33:50.775823
CUST-18156,199.66bpm,3.65m/sec,Walking,2025-05-03 12:33:50.775832
CUST-18157,113.84bpm,3.08m/sec,Walking,2025-05-03 12:33:50.775841
CUST-18158,144.14bpm,2.11m/sec,Running,2025-05-03 12:33:50.775850
CUST-18159,154.47bpm,11.37m/sec,Walking,2025-05-03 12:33:50.775859
CUST-18160,132.32bpm,6.96m/sec,Swimming,2025-05-03 12:33:50.775868
CUST-18161,176.91bpm,4.04m/sec,Walking,2025-05-03 12:33:50.775877
CUST-18162,147.25bpm,6.34m/sec,Hiking,2025-05-03 12:33:50.775886
CUST-18163,103.05bpm,1.43m/sec,Hiking,2025-05-03 12:33:50.775895
CUST-18164,104.02bpm,7.27m/sec,Hiking,2025-05-03 12:33:50.775904
CUST-18165,181.27bpm,9.48m/sec,Hiking,2025-05-03 12:33:50.775913
CUST-18166,147.38bpm,10.6m/sec,Running,2025-05-03 12:33:50.775923
CUST-18167,173.94bpm,9.11m/sec,Swimming,2025-05-03 12:33:50.775932
CUST-18168,194.88bpm,2.54m/sec,Hiking,2025-05-03 12:33:50.775941
CUST-18169,138.56bpm,2.25m/sec,Hiking,2025-05-03 12:33:50.775951
CUST-18170,143.06bpm,3.64m/sec,Running,2025-05-03 12:33:50.775960
CUST-18171,114.66bpm,3.92m/sec,Hiking,2025-05-03 12:33:50.775969
CUST-18172,116.13bpm,3.09m/sec,Hiking,2025-05-03 12:33:50.775978
CUST-18173,195.29bpm,8.43m/sec,Hiking,2025-05-03 12:33:50.775987
CUST-18174,192.21bpm,6.83m/sec,Swimming,2025-05-03 12:33:50.775997
CUST-18175,102.64bpm,2.51m/sec,Hiking,2025-05-03 12:33:50.776006
CUST-18176,152.26bpm,7.83m/sec,Running,2025-05-03 12:33:50.776015
CUST-18177,131.76bpm,5.98m/sec,Running,2025-05-03 12:33:50.776024
CUST-18178,163.61bpm,6.16m/sec,Running,2025-05-03 12:33:50.776033
CUST-18179,169.83bpm,9.88m/sec,Running,2025-05-03 12:33:50.776043
CUST-18180,194.18bpm,4.25m/sec,Walking,2025-05-03 12:33:50.776052
CUST-18181,200.7bpm,4.26m/sec,Hiking,2025-05-03 12:33:50.776061
CUST-18182,200.24bpm,8.24m/sec,Hiking,2025-05-03 12:33:50.776070
CUST-18183,147.06bpm,10.88m/sec,Running,2025-05-03 12:33:50.776079
CUST-18184,170.86bpm,3.64m/sec,Swimming,2025-05-03 12:33:50.776089
CUST-18185,118.17bpm,10.71m/sec,Walking,2025-05-03 12:33:50.776098
CUST-18186,117.45bpm,11.86m/sec,Swimming,2025-05-03 12:33:50.776107
CUST-18187,203.31bpm,9.91m/sec,Hiking,2025-05-03 12:33:50.776116
CUST-18188,198.56bpm,1.79m/sec,Running,2025-05-03 12:33:50.776125
CUST-18189,188.74bpm,4.71m/sec,Running,2025-05-03 12:33:50.776134
CUST-18190,180.75bpm,5.31m/sec,Walking,2025-05-03 12:33:50.776143
CUST-18191,173.27bpm,8.46m/sec,Hiking,2025-05-03 12:33:50.776153
CUST-18192,144.9bpm,8.05m/sec,Walking,2025-05-03 12:33:50.776162
CUST-18193,178.27bpm,1.73m/sec,Running,2025-05-03 12:33:50.776171
CUST-18194,149.48bpm,9.77m/sec,Hiking,2025-05-03 12:33:50.776180
CUST-18195,198.68bpm,4.18m/sec,Swimming,2025-05-03 12:33:50.776189
CUST-18196,147.12bpm,8.5m/sec,Running,2025-05-03 12:33:50.776198
CUST-18197,184.63bpm,1.1m/sec,Swimming,2025-05-03 12:33:50.776207
CUST-18198,131.71bpm,11.23m/sec,Running,2025-05-03 12:33:50.776217
CUST-18199,209.63bpm,6.95m/sec,Hiking,2025-05-03 12:33:50.776226
CUST-18200,198.74bpm,5.21m/sec,Swimming,2025-05-03 12:33:50.776235
CUST-18201,111.42bpm,3.14m/sec,Swimming,2025-05-03 12:33:50.776244
CUST-18202,193.53bpm,6.36m/sec,Hiking,2025-05-03 12:33:50.776253
CUST-18203,126.4bpm,4.01m/sec,Walking,2025-05-03 12:33:50.776262
CUST-18204,178.59bpm,8.21m/sec,Running,2025-05-03 12:33:50.776271
CUST-18205,139.3bpm,11.77m/sec,Hiking,2025-05-03 12:33:50.776280
CUST-18206,155.01bpm,5.97m/sec,Swimming,2025-05-03 12:33:50.776290
CUST-18207,159.29bpm,7.71m/sec,Swimming,2025-05-03 12:33:50.776299
CUST-18208,170.97bpm,11.72m/sec,Walking,2025-05-03 12:33:50.776308
CUST-18209,203.02bpm,2.2m/sec,Hiking,2025-05-03 12:33:50.776318
CUST-18210,158.27bpm,9.81m/sec,Hiking,2025-05-03 12:33:50.776327
CUST-18211,180.42bpm,10.22m/sec,Walking,2025-05-03 12:33:50.776336
CUST-18212,160.99bpm,5.49m/sec,Running,2025-05-03 12:33:50.776346
CUST-18213,140.32bpm,7.06m/sec,Hiking,2025-05-03 12:33:50.776355
CUST-18214,109.34bpm,7.27m/sec,Walking,2025-05-03 12:33:50.776364
CUST-18215,105.66bpm,11.58m/sec,Hiking,2025-05-03 12:33:50.776374
CUST-18216,188.91bpm,8.85m/sec,Walking,2025-05-03 12:33:50.776383
CUST-18217,181.14bpm,7.39m/sec,Running,2025-05-03 12:33:50.776392
CUST-18218,181.07bpm,7.74m/sec,Hiking,2025-05-03 12:33:50.776401
CUST-18219,183.37bpm,4.11m/sec,Hiking,2025-05-03 12:33:50.776410
CUST-18220,139.66bpm,8.46m/sec,Running,2025-05-03 12:33:50.776420
CUST-18221,146.24bpm,3.44m/sec,Hiking,2025-05-03 12:33:50.776429
CUST-18222,199.37bpm,5.47m/sec,Hiking,2025-05-03 12:33:50.776438
CUST-18223,157.89bpm,1.53m/sec,Running,2025-05-03 12:33:50.776447
CUST-18224,101.76bpm,6.91m/sec,Walking,2025-05-03 12:33:50.776456
CUST-18225,199.73bpm,9.61m/sec,Hiking,2025-05-03 12:33:50.776465
CUST-18226,187.03bpm,5.42m/sec,Swimming,2025-05-03 12:33:50.776474
CUST-18227,115.73bpm,2.4m/sec,Walking,2025-05-03 12:33:50.776484
CUST-18228,192.13bpm,11.81m/sec,Swimming,2025-05-03 12:33:50.776516
CUST-18229,115.43bpm,8.3m/sec,Running,2025-05-03 12:33:50.776526
CUST-18230,195.57bpm,2.05m/sec,Running,2025-05-03 12:33:50.776536
CUST-18231,130.16bpm,6.44m/sec,Hiking,2025-05-03 12:33:50.776545
CUST-18232,190.25bpm,10.9m/sec,Swimming,2025-05-03 12:33:50.776554
CUST-18233,186.39bpm,5.48m/sec,Running,2025-05-03 12:33:50.776563
CUST-18234,114.4bpm,9.88m/sec,Running,2025-05-03 12:33:50.776573
CUST-18235,189.65bpm,1.05m/sec,Hiking,2025-05-03 12:33:50.776582
CUST-18236,167.09bpm,8.85m/sec,Swimming,2025-05-03 12:33:50.776591
CUST-18237,182.7bpm,4.04m/sec,Hiking,2025-05-03 12:33:50.776600
CUST-18238,101.15bpm,8.37m/sec,Walking,2025-05-03 12:33:50.776609
CUST-18239,104.44bpm,7.7m/sec,Walking,2025-05-03 12:33:50.776619
CUST-18240,149.94bpm,4.21m/sec,Walking,2025-05-03 12:33:50.776628
CUST-18241,110.92bpm,9.1m/sec,Swimming,2025-05-03 12:33:50.776637
CUST-18242,115.74bpm,9.33m/sec,Hiking,2025-05-03 12:33:50.776646
CUST-18243,115.1bpm,1.36m/sec,Running,2025-05-03 12:33:50.776656
CUST-18244,190.09bpm,2.89m/sec,Walking,2025-05-03 12:33:50.776665
CUST-18245,172.94bpm,1.25m/sec,Running,2025-05-03 12:33:50.776675
CUST-18246,102.19bpm,6.7m/sec,Hiking,2025-05-03 12:33:50.776685
CUST-18247,151.02bpm,10.02m/sec,Swimming,2025-05-03 12:33:50.776694
CUST-18248,101.55bpm,11.91m/sec,Walking,2025-05-03 12:33:50.776703
CUST-18249,183.11bpm,5.42m/sec,Hiking,2025-05-03 12:33:50.776712
CUST-18250,156.44bpm,10.67m/sec,Hiking,2025-05-03 12:33:50.776721
CUST-18251,155.48bpm,1.52m/sec,Running,2025-05-03 12:33:50.776731
CUST-18252,199.41bpm,2.72m/sec,Hiking,2025-05-03 12:33:50.776740
CUST-18253,181.17bpm,11.06m/sec,Walking,2025-05-03 12:33:50.776749
CUST-18254,114.12bpm,6.13m/sec,Walking,2025-05-03 12:33:50.776758
CUST-18255,169.07bpm,6.74m/sec,Swimming,2025-05-03 12:33:50.776767
CUST-18256,144.68bpm,6.27m/sec,Walking,2025-05-03 12:33:50.776776
CUST-18257,202.14bpm,9.68m/sec,Walking,2025-05-03 12:33:50.776786
CUST-18258,178.1bpm,10.87m/sec,Hiking,2025-05-03 12:33:50.776795
CUST-18259,204.67bpm,9.48m/sec,Hiking,2025-05-03 12:33:50.776804
CUST-18260,169.68bpm,6.89m/sec,Running,2025-05-03 12:33:50.776813
CUST-18261,170.37bpm,9.44m/sec,Swimming,2025-05-03 12:33:50.776822
CUST-18262,167.48bpm,3.04m/sec,Walking,2025-05-03 12:33:50.776831
CUST-18263,186.08bpm,2.78m/sec,Swimming,2025-05-03 12:33:50.776840
CUST-18264,187.75bpm,2.55m/sec,Walking,2025-05-03 12:33:50.776905
CUST-18265,124.93bpm,11.47m/sec,Hiking,2025-05-03 12:33:50.776920
CUST-18266,191.91bpm,2.31m/sec,Walking,2025-05-03 12:33:50.776931
CUST-18267,141.33bpm,4.08m/sec,Hiking,2025-05-03 12:33:50.776941
CUST-18268,197.38bpm,10.74m/sec,Walking,2025-05-03 12:33:50.776951
CUST-18269,121.03bpm,11.68m/sec,Swimming,2025-05-03 12:33:50.776960
CUST-18270,143.65bpm,6.04m/sec,Swimming,2025-05-03 12:33:50.776970
CUST-18271,167.23bpm,1.33m/sec,Hiking,2025-05-03 12:33:50.776979
CUST-18272,173.12bpm,10.67m/sec,Walking,2025-05-03 12:33:50.776988
CUST-18273,178.48bpm,1.98m/sec,Hiking,2025-05-03 12:33:50.776998
CUST-18274,154.91bpm,9.78m/sec,Hiking,2025-05-03 12:33:50.777007
CUST-18275,139.86bpm,4.38m/sec,Swimming,2025-05-03 12:33:50.777016
CUST-18276,174.86bpm,3.54m/sec,Running,2025-05-03 12:33:50.777026
CUST-18277,138.11bpm,3.9m/sec,Running,2025-05-03 12:33:50.777035
CUST-18278,150.14bpm,9.93m/sec,Running,2025-05-03 12:33:50.777044
CUST-18279,208.48bpm,2.36m/sec,Swimming,2025-05-03 12:33:50.777053
CUST-18280,206.37bpm,8.4m/sec,Swimming,2025-05-03 12:33:50.777063
CUST-18281,128.6bpm,11.61m/sec,Swimming,2025-05-03 12:33:50.777072
CUST-18282,141.22bpm,9.38m/sec,Hiking,2025-05-03 12:33:50.777081
CUST-18283,150.87bpm,1.22m/sec,Swimming,2025-05-03 12:33:50.777090
CUST-18284,131.86bpm,6.73m/sec,Hiking,2025-05-03 12:33:50.777100
CUST-18285,163.39bpm,7.39m/sec,Hiking,2025-05-03 12:33:50.777109
CUST-18286,108.52bpm,4.5m/sec,Walking,2025-05-03 12:33:50.777118
CUST-18287,204.22bpm,10.42m/sec,Running,2025-05-03 12:33:50.777127
CUST-18288,183.67bpm,10.81m/sec,Swimming,2025-05-03 12:33:50.777136
CUST-18289,172.61bpm,7.16m/sec,Hiking,2025-05-03 12:33:50.777147
CUST-18290,100.62bpm,8.89m/sec,Walking,2025-05-03 12:33:50.777157
CUST-18291,174.1bpm,2.24m/sec,Hiking,2025-05-03 12:33:50.777166
CUST-18292,194.83bpm,1.46m/sec,Walking,2025-05-03 12:33:50.777175
CUST-18293,129.61bpm,11.83m/sec,Walking,2025-05-03 12:33:50.777184
CUST-18294,209.06bpm,1.33m/sec,Hiking,2025-05-03 12:33:50.777194
CUST-18295,169.23bpm,10.49m/sec,Swimming,2025-05-03 12:33:50.777203
CUST-18296,141.81bpm,11.68m/sec,Running,2025-05-03 12:33:50.777212
CUST-18297,131.1bpm,1.65m/sec,Running,2025-05-03 12:33:50.777221
CUST-18298,171.27bpm,8.37m/sec,Walking,2025-05-03 12:33:50.777231
CUST-18299,123.66bpm,9.72m/sec,Walking,2025-05-03 12:33:50.777240
CUST-18300,164.37bpm,2.64m/sec,Hiking,2025-05-03 12:33:50.777249
CUST-18301,151.06bpm,9.62m/sec,Hiking,2025-05-03 12:33:50.777258
CUST-18302,205.3bpm,6.54m/sec,Swimming,2025-05-03 12:33:50.777267
CUST-18303,130.98bpm,2.04m/sec,Swimming,2025-05-03 12:33:50.777278
CUST-18304,130.36bpm,11.4m/sec,Walking,2025-05-03 12:33:50.777287
CUST-18305,183.52bpm,10.8m/sec,Running,2025-05-03 12:33:50.777296
CUST-18306,145.09bpm,7.79m/sec,Running,2025-05-03 12:33:50.777305
CUST-18307,158.72bpm,1.7m/sec,Running,2025-05-03 12:33:50.777314
CUST-18308,176.74bpm,2.04m/sec,Running,2025-05-03 12:33:50.777323
CUST-18309,126.62bpm,3.4m/sec,Hiking,2025-05-03 12:33:50.777332
CUST-18310,134.14bpm,2.45m/sec,Hiking,2025-05-03 12:33:50.777342
CUST-18311,132.88bpm,11.66m/sec,Hiking,2025-05-03 12:33:50.777351
CUST-18312,182.44bpm,3.63m/sec,Running,2025-05-03 12:33:50.777360
CUST-18313,182.35bpm,2.06m/sec,Swimming,2025-05-03 12:33:50.777369
CUST-18314,105.32bpm,3.67m/sec,Swimming,2025-05-03 12:33:50.777378
CUST-18315,137.54bpm,3.35m/sec,Swimming,2025-05-03 12:33:50.777388
CUST-18316,171.94bpm,1.26m/sec,Walking,2025-05-03 12:33:50.777397
CUST-18317,105.25bpm,10.52m/sec,Walking,2025-05-03 12:33:50.777406
CUST-18318,191.42bpm,8.66m/sec,Hiking,2025-05-03 12:33:50.777415
CUST-18319,169.95bpm,11.16m/sec,Walking,2025-05-03 12:33:50.777425
CUST-18320,145.92bpm,7.44m/sec,Running,2025-05-03 12:33:50.777434
CUST-18321,108.15bpm,5.03m/sec,Walking,2025-05-03 12:33:50.777443
CUST-18322,130.24bpm,10.97m/sec,Swimming,2025-05-03 12:33:50.777452
CUST-18323,122.58bpm,7.28m/sec,Swimming,2025-05-03 12:33:50.777461
CUST-18324,166.33bpm,1.63m/sec,Running,2025-05-03 12:33:50.777470
CUST-18325,194.77bpm,2.21m/sec,Swimming,2025-05-03 12:33:50.777479
CUST-18326,125.81bpm,4.65m/sec,Walking,2025-05-03 12:33:50.777489
CUST-18327,204.95bpm,7.82m/sec,Walking,2025-05-03 12:33:50.777498
CUST-18328,122.25bpm,3.23m/sec,Walking,2025-05-03 12:33:50.777507
CUST-18329,126.16bpm,1.18m/sec,Hiking,2025-05-03 12:33:50.777516
CUST-18330,202.25bpm,9.64m/sec,Swimming,2025-05-03 12:33:50.777525
CUST-18331,108.8bpm,5.98m/sec,Hiking,2025-05-03 12:33:50.777534
CUST-18332,169.31bpm,5.36m/sec,Running,2025-05-03 12:33:50.777543
CUST-18333,108.81bpm,10.78m/sec,Walking,2025-05-03 12:33:50.777552
CUST-18334,102.21bpm,6.14m/sec,Hiking,2025-05-03 12:33:50.777561
CUST-18335,118.28bpm,4.27m/sec,Swimming,2025-05-03 12:33:50.777570
CUST-18336,162.63bpm,4.68m/sec,Running,2025-05-03 12:33:50.777580
CUST-18337,190.1bpm,3.63m/sec,Running,2025-05-03 12:33:50.777590
CUST-18338,198.91bpm,8.92m/sec,Swimming,2025-05-03 12:33:50.777599
CUST-18339,174.59bpm,10.59m/sec,Running,2025-05-03 12:33:50.777609
CUST-18340,151.44bpm,7.87m/sec,Walking,2025-05-03 12:33:50.777618
CUST-18341,183.06bpm,4.4m/sec,Running,2025-05-03 12:33:50.777627
CUST-18342,162.15bpm,8.56m/sec,Running,2025-05-03 12:33:50.777636
CUST-18343,186.06bpm,1.7m/sec,Hiking,2025-05-03 12:33:50.777645
CUST-18344,114.22bpm,7.46m/sec,Running,2025-05-03 12:33:50.777654
CUST-18345,118.59bpm,2.99m/sec,Walking,2025-05-03 12:33:50.777663
CUST-18346,175.13bpm,7.45m/sec,Walking,2025-05-03 12:33:50.777672
CUST-18347,142.59bpm,1.22m/sec,Swimming,2025-05-03 12:33:50.777681
CUST-18348,100.31bpm,8.71m/sec,Walking,2025-05-03 12:33:50.777690
CUST-18349,164.01bpm,11.67m/sec,Running,2025-05-03 12:33:50.777700
CUST-18350,151.05bpm,4.33m/sec,Hiking,2025-05-03 12:33:50.777742
CUST-18351,145.11bpm,5.39m/sec,Walking,2025-05-03 12:33:50.777752
CUST-18352,131.42bpm,1.42m/sec,Hiking,2025-05-03 12:33:50.777761
CUST-18353,163.64bpm,11.15m/sec,Running,2025-05-03 12:33:50.777771
CUST-18354,174.52bpm,8.77m/sec,Hiking,2025-05-03 12:33:50.777780
CUST-18355,124.92bpm,1.85m/sec,Running,2025-05-03 12:33:50.777789
CUST-18356,149.87bpm,11.28m/sec,Walking,2025-05-03 12:33:50.777798
CUST-18357,168.19bpm,4.79m/sec,Swimming,2025-05-03 12:33:50.777807
CUST-18358,198.79bpm,8.1m/sec,Swimming,2025-05-03 12:33:50.777817
CUST-18359,201.0bpm,3.72m/sec,Hiking,2025-05-03 12:33:50.777826
CUST-18360,114.63bpm,8.39m/sec,Swimming,2025-05-03 12:33:50.777836
CUST-18361,175.37bpm,4.53m/sec,Running,2025-05-03 12:33:50.777846
CUST-18362,103.51bpm,1.66m/sec,Swimming,2025-05-03 12:33:50.777855
CUST-18363,161.37bpm,4.37m/sec,Running,2025-05-03 12:33:50.777864
CUST-18364,204.2bpm,10.83m/sec,Hiking,2025-05-03 12:33:50.777873
CUST-18365,208.47bpm,5.53m/sec,Running,2025-05-03 12:33:50.777883
CUST-18366,175.49bpm,10.89m/sec,Swimming,2025-05-03 12:33:50.777893
CUST-18367,197.97bpm,6.52m/sec,Swimming,2025-05-03 12:33:50.777902
CUST-18368,174.96bpm,7.79m/sec,Hiking,2025-05-03 12:33:50.777912
CUST-18369,105.63bpm,1.39m/sec,Walking,2025-05-03 12:33:50.777921
CUST-18370,189.32bpm,10.44m/sec,Walking,2025-05-03 12:33:50.777930
CUST-18371,151.99bpm,4.2m/sec,Walking,2025-05-03 12:33:50.777940
CUST-18372,142.53bpm,7.31m/sec,Hiking,2025-05-03 12:33:50.777949
CUST-18373,126.8bpm,7.99m/sec,Hiking,2025-05-03 12:33:50.777958
CUST-18374,165.11bpm,6.29m/sec,Hiking,2025-05-03 12:33:50.777967
CUST-18375,116.05bpm,7.98m/sec,Swimming,2025-05-03 12:33:50.777977
CUST-18376,170.59bpm,11.49m/sec,Running,2025-05-03 12:33:50.777986
CUST-18377,150.19bpm,9.53m/sec,Walking,2025-05-03 12:33:50.777995
CUST-18378,181.05bpm,6.52m/sec,Swimming,2025-05-03 12:33:50.778005
CUST-18379,190.38bpm,6.32m/sec,Running,2025-05-03 12:33:50.778014
CUST-18380,159.39bpm,4.0m/sec,Hiking,2025-05-03 12:33:50.778023
CUST-18381,167.0bpm,2.13m/sec,Hiking,2025-05-03 12:33:50.778032
CUST-18382,205.71bpm,8.01m/sec,Running,2025-05-03 12:33:50.778042
CUST-18383,171.73bpm,2.26m/sec,Swimming,2025-05-03 12:33:50.778051
CUST-18384,193.06bpm,4.02m/sec,Hiking,2025-05-03 12:33:50.778060
CUST-18385,131.7bpm,6.16m/sec,Running,2025-05-03 12:33:50.778070
CUST-18386,132.68bpm,5.36m/sec,Swimming,2025-05-03 12:33:50.778079
CUST-18387,121.29bpm,11.09m/sec,Running,2025-05-03 12:33:50.778088
CUST-18388,112.68bpm,7.45m/sec,Running,2025-05-03 12:33:50.778098
CUST-18389,184.11bpm,7.34m/sec,Hiking,2025-05-03 12:33:50.778107
CUST-18390,115.05bpm,2.21m/sec,Running,2025-05-03 12:33:50.778116
CUST-18391,167.43bpm,2.98m/sec,Hiking,2025-05-03 12:33:50.778125
CUST-18392,141.84bpm,3.95m/sec,Running,2025-05-03 12:33:50.778135
CUST-18393,103.13bpm,11.32m/sec,Swimming,2025-05-03 12:33:50.778144
CUST-18394,163.8bpm,2.17m/sec,Hiking,2025-05-03 12:33:50.778153
CUST-18395,188.88bpm,7.86m/sec,Swimming,2025-05-03 12:33:50.778162
CUST-18396,182.31bpm,10.7m/sec,Walking,2025-05-03 12:33:50.778171
CUST-18397,173.98bpm,10.16m/sec,Hiking,2025-05-03 12:33:50.778181
CUST-18398,171.34bpm,4.25m/sec,Running,2025-05-03 12:33:50.778190
CUST-18399,119.08bpm,2.38m/sec,Hiking,2025-05-03 12:33:50.778200
CUST-18400,168.82bpm,7.44m/sec,Running,2025-05-03 12:33:50.778209
CUST-18401,176.46bpm,10.34m/sec,Running,2025-05-03 12:33:50.778218
CUST-18402,169.41bpm,4.81m/sec,Walking,2025-05-03 12:33:50.778227
CUST-18403,104.22bpm,10.37m/sec,Hiking,2025-05-03 12:33:50.778237
CUST-18404,136.83bpm,2.94m/sec,Swimming,2025-05-03 12:33:50.778246
CUST-18405,116.57bpm,11.13m/sec,Swimming,2025-05-03 12:33:50.778256
CUST-18406,156.8bpm,5.19m/sec,Hiking,2025-05-03 12:33:50.778265
CUST-18407,136.35bpm,3.52m/sec,Walking,2025-05-03 12:33:50.778274
CUST-18408,104.28bpm,10.29m/sec,Walking,2025-05-03 12:33:50.778283
CUST-18409,206.8bpm,8.74m/sec,Running,2025-05-03 12:33:50.778350
CUST-18410,142.53bpm,8.97m/sec,Swimming,2025-05-03 12:33:50.778392
CUST-18411,108.08bpm,2.29m/sec,Hiking,2025-05-03 12:33:50.778404
CUST-18412,171.8bpm,4.39m/sec,Hiking,2025-05-03 12:33:50.778413
CUST-18413,181.4bpm,1.06m/sec,Running,2025-05-03 12:33:50.778423
CUST-18414,120.23bpm,5.44m/sec,Hiking,2025-05-03 12:33:50.778432
CUST-18415,186.52bpm,6.74m/sec,Hiking,2025-05-03 12:33:50.778441
CUST-18416,145.66bpm,7.65m/sec,Swimming,2025-05-03 12:33:50.778450
CUST-18417,185.4bpm,1.51m/sec,Running,2025-05-03 12:33:50.778460
CUST-18418,135.56bpm,3.58m/sec,Running,2025-05-03 12:33:50.778469
CUST-18419,125.8bpm,6.72m/sec,Swimming,2025-05-03 12:33:50.778478
CUST-18420,154.33bpm,2.75m/sec,Swimming,2025-05-03 12:33:50.778487
CUST-18421,101.34bpm,6.43m/sec,Swimming,2025-05-03 12:33:50.778496
CUST-18422,204.76bpm,11.69m/sec,Hiking,2025-05-03 12:33:50.778506
CUST-18423,109.25bpm,8.71m/sec,Walking,2025-05-03 12:33:50.778515
CUST-18424,188.43bpm,11.23m/sec,Hiking,2025-05-03 12:33:50.778525
CUST-18425,189.73bpm,2.06m/sec,Hiking,2025-05-03 12:33:50.778535
CUST-18426,178.94bpm,11.05m/sec,Swimming,2025-05-03 12:33:50.778544
CUST-18427,166.13bpm,6.81m/sec,Swimming,2025-05-03 12:33:50.778553
CUST-18428,150.28bpm,7.54m/sec,Walking,2025-05-03 12:33:50.778563
CUST-18429,151.9bpm,4.3m/sec,Swimming,2025-05-03 12:33:50.778572
CUST-18430,146.96bpm,3.93m/sec,Swimming,2025-05-03 12:33:50.778581
CUST-18431,195.41bpm,11.02m/sec,Hiking,2025-05-03 12:33:50.778590
CUST-18432,180.4bpm,1.98m/sec,Hiking,2025-05-03 12:33:50.778600
CUST-18433,192.29bpm,3.13m/sec,Walking,2025-05-03 12:33:50.778609
CUST-18434,173.04bpm,1.06m/sec,Swimming,2025-05-03 12:33:50.778618
CUST-18435,157.93bpm,10.63m/sec,Swimming,2025-05-03 12:33:50.778627
CUST-18436,169.66bpm,6.59m/sec,Walking,2025-05-03 12:33:50.778636
CUST-18437,107.06bpm,5.54m/sec,Walking,2025-05-03 12:33:50.778645
CUST-18438,205.7bpm,8.7m/sec,Hiking,2025-05-03 12:33:50.778655
CUST-18439,157.14bpm,2.15m/sec,Hiking,2025-05-03 12:33:50.778664
CUST-18440,172.5bpm,7.85m/sec,Running,2025-05-03 12:33:50.778673
CUST-18441,118.67bpm,1.27m/sec,Walking,2025-05-03 12:33:50.778683
CUST-18442,204.5bpm,1.62m/sec,Hiking,2025-05-03 12:33:50.778692
CUST-18443,191.26bpm,2.81m/sec,Swimming,2025-05-03 12:33:50.778701
CUST-18444,115.5bpm,5.42m/sec,Swimming,2025-05-03 12:33:50.778710
CUST-18445,112.95bpm,1.85m/sec,Walking,2025-05-03 12:33:50.778719
CUST-18446,111.54bpm,1.01m/sec,Running,2025-05-03 12:33:50.778729
CUST-18447,178.46bpm,4.05m/sec,Walking,2025-05-03 12:33:50.778738
CUST-18448,100.26bpm,2.11m/sec,Walking,2025-05-03 12:33:50.778747
CUST-18449,187.27bpm,3.5m/sec,Running,2025-05-03 12:33:50.778757
CUST-18450,144.74bpm,3.81m/sec,Running,2025-05-03 12:33:50.778766
CUST-18451,189.38bpm,8.29m/sec,Hiking,2025-05-03 12:33:50.778775
CUST-18452,146.48bpm,11.76m/sec,Hiking,2025-05-03 12:33:50.778784
CUST-18453,191.13bpm,2.61m/sec,Walking,2025-05-03 12:33:50.778793
CUST-18454,156.91bpm,1.38m/sec,Walking,2025-05-03 12:33:50.778803
CUST-18455,158.83bpm,4.07m/sec,Hiking,2025-05-03 12:33:50.778813
CUST-18456,118.09bpm,2.04m/sec,Hiking,2025-05-03 12:33:50.778824
CUST-18457,201.74bpm,7.57m/sec,Running,2025-05-03 12:33:50.778834
CUST-18458,105.37bpm,3.05m/sec,Swimming,2025-05-03 12:33:50.778843
CUST-18459,126.66bpm,1.61m/sec,Walking,2025-05-03 12:33:50.778853
CUST-18460,100.53bpm,8.74m/sec,Hiking,2025-05-03 12:33:50.778862
CUST-18461,110.92bpm,5.67m/sec,Hiking,2025-05-03 12:33:50.778871
CUST-18462,136.49bpm,3.86m/sec,Running,2025-05-03 12:33:50.778880
CUST-18463,106.78bpm,3.06m/sec,Walking,2025-05-03 12:33:50.778889
CUST-18464,143.63bpm,9.69m/sec,Hiking,2025-05-03 12:33:50.778898
CUST-18465,142.73bpm,2.02m/sec,Walking,2025-05-03 12:33:50.778908
CUST-18466,119.48bpm,9.81m/sec,Swimming,2025-05-03 12:33:50.778917
CUST-18467,183.83bpm,5.97m/sec,Hiking,2025-05-03 12:33:50.778926
CUST-18468,118.26bpm,3.47m/sec,Swimming,2025-05-03 12:33:50.778935
CUST-18469,106.21bpm,1.91m/sec,Walking,2025-05-03 12:33:50.778944
CUST-18470,204.26bpm,7.47m/sec,Swimming,2025-05-03 12:33:50.778953
CUST-18471,126.82bpm,2.91m/sec,Running,2025-05-03 12:33:50.778962
CUST-18472,140.34bpm,7.74m/sec,Running,2025-05-03 12:33:50.778999
CUST-18473,142.39bpm,10.93m/sec,Swimming,2025-05-03 12:33:50.779009
CUST-18474,105.6bpm,10.7m/sec,Hiking,2025-05-03 12:33:50.779018
CUST-18475,123.28bpm,2.24m/sec,Swimming,2025-05-03 12:33:50.779028
CUST-18476,204.01bpm,2.36m/sec,Swimming,2025-05-03 12:33:50.779037
CUST-18477,181.46bpm,3.66m/sec,Walking,2025-05-03 12:33:50.779046
CUST-18478,165.88bpm,1.24m/sec,Swimming,2025-05-03 12:33:50.779055
CUST-18479,131.14bpm,11.6m/sec,Swimming,2025-05-03 12:33:50.779064
CUST-18480,174.25bpm,8.66m/sec,Walking,2025-05-03 12:33:50.779073
CUST-18481,103.75bpm,4.33m/sec,Hiking,2025-05-03 12:33:50.779083
CUST-18482,108.94bpm,1.27m/sec,Running,2025-05-03 12:33:50.779092
CUST-18483,129.45bpm,11.55m/sec,Hiking,2025-05-03 12:33:50.779101
CUST-18484,206.03bpm,4.61m/sec,Walking,2025-05-03 12:33:50.779110
CUST-18485,128.73bpm,11.29m/sec,Hiking,2025-05-03 12:33:50.779120
CUST-18486,127.99bpm,11.02m/sec,Running,2025-05-03 12:33:50.779129
CUST-18487,102.84bpm,9.91m/sec,Hiking,2025-05-03 12:33:50.779138
CUST-18488,161.63bpm,5.36m/sec,Running,2025-05-03 12:33:50.779148
CUST-18489,180.49bpm,7.01m/sec,Walking,2025-05-03 12:33:50.779157
CUST-18490,183.07bpm,6.06m/sec,Hiking,2025-05-03 12:33:50.779166
CUST-18491,177.01bpm,9.8m/sec,Swimming,2025-05-03 12:33:50.779175
CUST-18492,144.8bpm,1.76m/sec,Walking,2025-05-03 12:33:50.779184
CUST-18493,161.36bpm,10.98m/sec,Walking,2025-05-03 12:33:50.779194
CUST-18494,143.47bpm,6.46m/sec,Running,2025-05-03 12:33:50.779203
CUST-18495,172.85bpm,10.75m/sec,Hiking,2025-05-03 12:33:50.779212
CUST-18496,188.8bpm,11.66m/sec,Walking,2025-05-03 12:33:50.779221
CUST-18497,198.05bpm,9.89m/sec,Swimming,2025-05-03 12:33:50.779231
CUST-18498,141.43bpm,10.98m/sec,Swimming,2025-05-03 12:33:50.779240
CUST-18499,140.43bpm,7.78m/sec,Walking,2025-05-03 12:33:50.779249
CUST-18500,166.51bpm,11.17m/sec,Walking,2025-05-03 12:33:50.779259
CUST-18501,149.73bpm,5.97m/sec,Walking,2025-05-03 12:33:50.779268
CUST-18502,102.04bpm,5.23m/sec,Walking,2025-05-03 12:33:50.779277
CUST-18503,187.61bpm,2.2m/sec,Walking,2025-05-03 12:33:50.779286
CUST-18504,209.79bpm,4.52m/sec,Swimming,2025-05-03 12:33:50.779295
CUST-18505,145.8bpm,1.73m/sec,Running,2025-05-03 12:33:50.779305
CUST-18506,149.61bpm,7.72m/sec,Walking,2025-05-03 12:33:50.779314
CUST-18507,149.92bpm,4.37m/sec,Running,2025-05-03 12:33:50.779323
CUST-18508,100.52bpm,8.98m/sec,Hiking,2025-05-03 12:33:50.779332
CUST-18509,178.53bpm,9.4m/sec,Running,2025-05-03 12:33:50.779342
CUST-18510,106.46bpm,1.53m/sec,Walking,2025-05-03 12:33:50.779351
CUST-18511,187.99bpm,2.79m/sec,Swimming,2025-05-03 12:33:50.779360
CUST-18512,143.36bpm,10.63m/sec,Hiking,2025-05-03 12:33:50.779369
CUST-18513,102.0bpm,6.52m/sec,Walking,2025-05-03 12:33:50.779378
CUST-18514,110.87bpm,6.21m/sec,Swimming,2025-05-03 12:33:50.779387
CUST-18515,161.12bpm,4.88m/sec,Running,2025-05-03 12:33:50.779397
CUST-18516,128.57bpm,7.13m/sec,Running,2025-05-03 12:33:50.779406
CUST-18517,136.13bpm,1.42m/sec,Walking,2025-05-03 12:33:50.779415
CUST-18518,155.03bpm,8.51m/sec,Running,2025-05-03 12:33:50.779424
CUST-18519,192.51bpm,6.17m/sec,Walking,2025-05-03 12:33:50.779434
CUST-18520,185.7bpm,5.29m/sec,Walking,2025-05-03 12:33:50.779443
CUST-18521,160.39bpm,6.07m/sec,Swimming,2025-05-03 12:33:50.779452
CUST-18522,189.65bpm,5.82m/sec,Running,2025-05-03 12:33:50.779462
CUST-18523,196.98bpm,3.51m/sec,Walking,2025-05-03 12:33:50.779471
CUST-18524,168.4bpm,5.41m/sec,Swimming,2025-05-03 12:33:50.779480
CUST-18525,148.33bpm,7.45m/sec,Hiking,2025-05-03 12:33:50.779489
CUST-18526,140.17bpm,2.9m/sec,Swimming,2025-05-03 12:33:50.779498
CUST-18527,134.82bpm,10.35m/sec,Hiking,2025-05-03 12:33:50.779507
CUST-18528,117.59bpm,11.04m/sec,Hiking,2025-05-03 12:33:50.779516
CUST-18529,102.8bpm,6.73m/sec,Walking,2025-05-03 12:33:50.779526
CUST-18530,108.47bpm,5.05m/sec,Running,2025-05-03 12:33:50.779535
CUST-18531,165.22bpm,7.47m/sec,Swimming,2025-05-03 12:33:50.779544
CUST-18532,207.52bpm,2.58m/sec,Walking,2025-05-03 12:33:50.779553
CUST-18533,100.71bpm,9.91m/sec,Hiking,2025-05-03 12:33:50.779563
CUST-18534,187.44bpm,9.64m/sec,Hiking,2025-05-03 12:33:50.779572
CUST-18535,139.6bpm,9.08m/sec,Walking,2025-05-03 12:33:50.779581
CUST-18536,158.28bpm,6.44m/sec,Walking,2025-05-03 12:33:50.779590
CUST-18537,148.09bpm,7.38m/sec,Walking,2025-05-03 12:33:50.779600
CUST-18538,160.12bpm,2.93m/sec,Running,2025-05-03 12:33:50.779609
CUST-18539,112.02bpm,5.05m/sec,Hiking,2025-05-03 12:33:50.779618
CUST-18540,168.98bpm,2.45m/sec,Swimming,2025-05-03 12:33:50.779627
CUST-18541,130.46bpm,1.0m/sec,Hiking,2025-05-03 12:33:50.779636
CUST-18542,187.22bpm,7.13m/sec,Walking,2025-05-03 12:33:50.779645
CUST-18543,144.86bpm,7.26m/sec,Walking,2025-05-03 12:33:50.779654
CUST-18544,134.09bpm,10.19m/sec,Running,2025-05-03 12:33:50.779664
CUST-18545,142.61bpm,7.65m/sec,Hiking,2025-05-03 12:33:50.779673
CUST-18546,173.56bpm,9.74m/sec,Walking,2025-05-03 12:33:50.779682
CUST-18547,208.24bpm,5.27m/sec,Hiking,2025-05-03 12:33:50.779692
CUST-18548,168.38bpm,6.47m/sec,Running,2025-05-03 12:33:50.779701
CUST-18549,112.91bpm,3.44m/sec,Hiking,2025-05-03 12:33:50.779710
CUST-18550,134.72bpm,6.74m/sec,Hiking,2025-05-03 12:33:50.779719
CUST-18551,192.44bpm,7.87m/sec,Walking,2025-05-03 12:33:50.779729
CUST-18552,209.1bpm,10.18m/sec,Hiking,2025-05-03 12:33:50.779739
CUST-18553,112.73bpm,11.57m/sec,Swimming,2025-05-03 12:33:50.779748
CUST-18554,174.29bpm,9.79m/sec,Running,2025-05-03 12:33:50.779757
CUST-18555,179.08bpm,5.95m/sec,Running,2025-05-03 12:33:50.779767
CUST-18556,204.07bpm,10.94m/sec,Walking,2025-05-03 12:33:50.779776
CUST-18557,154.19bpm,10.93m/sec,Hiking,2025-05-03 12:33:50.779786
CUST-18558,147.23bpm,2.91m/sec,Running,2025-05-03 12:33:50.779795
CUST-18559,150.54bpm,10.64m/sec,Running,2025-05-03 12:33:50.779804
CUST-18560,191.62bpm,7.69m/sec,Walking,2025-05-03 12:33:50.779813
CUST-18561,137.7bpm,9.73m/sec,Running,2025-05-03 12:33:50.779823
CUST-18562,146.51bpm,6.16m/sec,Swimming,2025-05-03 12:33:50.779832
CUST-18563,111.37bpm,9.98m/sec,Walking,2025-05-03 12:33:50.779841
CUST-18564,128.54bpm,10.0m/sec,Running,2025-05-03 12:33:50.779851
CUST-18565,144.82bpm,4.54m/sec,Hiking,2025-05-03 12:33:50.779860
CUST-18566,113.74bpm,3.57m/sec,Swimming,2025-05-03 12:33:50.779869
CUST-18567,113.32bpm,1.66m/sec,Hiking,2025-05-03 12:33:50.779878
CUST-18568,176.04bpm,11.49m/sec,Hiking,2025-05-03 12:33:50.779887
CUST-18569,210.0bpm,4.91m/sec,Hiking,2025-05-03 12:33:50.779897
CUST-18570,154.19bpm,1.77m/sec,Hiking,2025-05-03 12:33:50.779906
CUST-18571,204.47bpm,2.31m/sec,Walking,2025-05-03 12:33:50.779915
CUST-18572,192.23bpm,4.99m/sec,Hiking,2025-05-03 12:33:50.779924
CUST-18573,102.02bpm,5.03m/sec,Walking,2025-05-03 12:33:50.779933
CUST-18574,208.63bpm,6.03m/sec,Walking,2025-05-03 12:33:50.779942
CUST-18575,188.32bpm,3.58m/sec,Hiking,2025-05-03 12:33:50.779951
CUST-18576,146.8bpm,5.19m/sec,Running,2025-05-03 12:33:50.779960
CUST-18577,135.68bpm,6.42m/sec,Hiking,2025-05-03 12:33:50.779970
CUST-18578,189.92bpm,4.5m/sec,Swimming,2025-05-03 12:33:50.779979
CUST-18579,196.16bpm,8.42m/sec,Swimming,2025-05-03 12:33:50.779988
CUST-18580,191.27bpm,7.15m/sec,Hiking,2025-05-03 12:33:50.779997
