CUST-5996,205.69bpm,8.16m/sec,Hiking,2025-05-04 15:24:58.061290
CUST-5997,129.1bpm,1.91m/sec,Walking,2025-05-04 15:24:58.061371
CUST-5998,108.47bpm,1.78m/sec,Hiking,2025-05-04 15:24:58.061396
CUST-5999,185.91bpm,7.93m/sec,Swimming,2025-05-04 15:24:58.061418
CUST-6000,165.74bpm,6.33m/sec,Walking,2025-05-04 15:24:58.061465
CUST-6001,160.15bpm,9.17m/sec,Swimming,2025-05-04 15:24:58.061491
CUST-6002,106.79bpm,4.75m/sec,Swimming,2025-05-04 15:24:58.061512
CUST-6003,138.65bpm,2.52m/sec,Swimming,2025-05-04 15:24:58.061550
CUST-6004,183.98bpm,2.69m/sec,Walking,2025-05-04 15:24:58.061805
CUST-6005,171.48bpm,11.71m/sec,Swimming,2025-05-04 15:24:58.061830
CUST-6006,204.53bpm,8.53m/sec,Walking,2025-05-04 15:24:58.061850
CUST-6007,196.66bpm,1.42m/sec,Hiking,2025-05-04 15:24:58.061873
CUST-6008,117.32bpm,1.09m/sec,Hiking,2025-05-04 15:24:58.061892
CUST-6009,152.02bpm,5.64m/sec,Hiking,2025-05-04 15:24:58.061911
CUST-6010,170.26bpm,7.95m/sec,Walking,2025-05-04 15:24:58.061930
CUST-6011,190.23bpm,9.61m/sec,Running,2025-05-04 15:24:58.061949
CUST-6012,205.03bpm,4.68m/sec,Hiking,2025-05-04 15:24:58.061967
CUST-6013,121.45bpm,3.71m/sec,Running,2025-05-04 15:24:58.061986
CUST-6014,191.58bpm,5.29m/sec,Swimming,2025-05-04 15:24:58.062004
CUST-6015,140.55bpm,6.41m/sec,Running,2025-05-04 15:24:58.062023
CUST-6016,167.07bpm,5.63m/sec,Walking,2025-05-04 15:24:58.062041
CUST-6017,185.87bpm,11.22m/sec,Running,2025-05-04 15:24:58.062060
CUST-6018,119.88bpm,5.98m/sec,Hiking,2025-05-04 15:24:58.062078
CUST-6019,182.82bpm,9.23m/sec,Walking,2025-05-04 15:24:58.062096
CUST-6020,173.49bpm,11.05m/sec,Running,2025-05-04 15:24:58.062115
CUST-6021,185.23bpm,3.2m/sec,Hiking,2025-05-04 15:24:58.062133
CUST-6022,111.76bpm,11.31m/sec,Hiking,2025-05-04 15:24:58.062151
CUST-6023,166.1bpm,10.83m/sec,Hiking,2025-05-04 15:24:58.062170
CUST-6024,166.9bpm,7.46m/sec,Hiking,2025-05-04 15:24:58.062188
CUST-6025,174.62bpm,2.7m/sec,Running,2025-05-04 15:24:58.062207
CUST-6026,190.84bpm,10.01m/sec,Walking,2025-05-04 15:24:58.062225
CUST-6027,208.17bpm,8.34m/sec,Hiking,2025-05-04 15:24:58.062243
CUST-6028,128.08bpm,6.08m/sec,Hiking,2025-05-04 15:24:58.062261
CUST-6029,138.25bpm,11.52m/sec,Running,2025-05-04 15:24:58.062279
CUST-6030,170.97bpm,2.22m/sec,Walking,2025-05-04 15:24:58.062298
CUST-6031,149.7bpm,3.43m/sec,Walking,2025-05-04 15:24:58.062316
CUST-6032,154.45bpm,8.15m/sec,Swimming,2025-05-04 15:24:58.062335
CUST-6033,190.57bpm,6.72m/sec,Walking,2025-05-04 15:24:58.062353
CUST-6034,127.67bpm,9.47m/sec,Swimming,2025-05-04 15:24:58.062392
CUST-6035,209.6bpm,3.15m/sec,Swimming,2025-05-04 15:24:58.062526
CUST-6036,177.63bpm,4.36m/sec,Swimming,2025-05-04 15:24:58.062546
CUST-6037,164.34bpm,1.59m/sec,Running,2025-05-04 15:24:58.062565
CUST-6038,198.64bpm,11.21m/sec,Swimming,2025-05-04 15:24:58.062584
CUST-6039,180.24bpm,4.82m/sec,Walking,2025-05-04 15:24:58.062602
CUST-6040,127.15bpm,7.91m/sec,Running,2025-05-04 15:24:58.062620
CUST-6041,159.84bpm,1.34m/sec,Swimming,2025-05-04 15:24:58.062638
CUST-6042,103.31bpm,5.32m/sec,Running,2025-05-04 15:24:58.062657
CUST-6043,127.57bpm,7.08m/sec,Hiking,2025-05-04 15:24:58.062675
CUST-6044,144.2bpm,3.63m/sec,Running,2025-05-04 15:24:58.062694
CUST-6045,139.68bpm,1.58m/sec,Walking,2025-05-04 15:24:58.062713
CUST-6046,103.62bpm,5.33m/sec,Swimming,2025-05-04 15:24:58.062731
CUST-6047,166.66bpm,10.54m/sec,Running,2025-05-04 15:24:58.062750
CUST-6048,102.54bpm,5.18m/sec,Hiking,2025-05-04 15:24:58.062768
CUST-6049,144.32bpm,6.99m/sec,Hiking,2025-05-04 15:24:58.062786
CUST-6050,101.35bpm,3.38m/sec,Walking,2025-05-04 15:24:58.062831
CUST-6051,165.75bpm,7.49m/sec,Swimming,2025-05-04 15:24:58.062851
CUST-6052,187.95bpm,8.56m/sec,Walking,2025-05-04 15:24:58.063148
CUST-6053,164.56bpm,2.83m/sec,Hiking,2025-05-04 15:24:58.063192
CUST-6054,116.63bpm,9.06m/sec,Walking,2025-05-04 15:24:58.063248
CUST-6055,112.62bpm,4.29m/sec,Swimming,2025-05-04 15:24:58.063272
CUST-6056,128.08bpm,3.64m/sec,Running,2025-05-04 15:24:58.063295
CUST-6057,129.23bpm,8.98m/sec,Hiking,2025-05-04 15:24:58.063317
CUST-6058,171.25bpm,10.76m/sec,Running,2025-05-04 15:24:58.063342
CUST-6059,194.61bpm,8.36m/sec,Hiking,2025-05-04 15:24:58.063364
CUST-6060,154.78bpm,2.81m/sec,Running,2025-05-04 15:24:58.063386
CUST-6061,196.56bpm,9.72m/sec,Swimming,2025-05-04 15:24:58.063409
CUST-6062,122.31bpm,2.87m/sec,Walking,2025-05-04 15:24:58.063431
CUST-6063,112.89bpm,3.79m/sec,Swimming,2025-05-04 15:24:58.063453
CUST-6064,149.75bpm,5.86m/sec,Walking,2025-05-04 15:24:58.063476
CUST-6065,155.63bpm,5.2m/sec,Running,2025-05-04 15:24:58.063498
CUST-6066,138.46bpm,8.29m/sec,Walking,2025-05-04 15:24:58.063520
CUST-6067,169.75bpm,5.73m/sec,Hiking,2025-05-04 15:24:58.063542
CUST-6068,193.28bpm,4.26m/sec,Running,2025-05-04 15:24:58.063564
CUST-6069,149.21bpm,4.94m/sec,Walking,2025-05-04 15:24:58.063586
CUST-6070,205.05bpm,4.69m/sec,Running,2025-05-04 15:24:58.063608
CUST-6071,195.18bpm,5.46m/sec,Walking,2025-05-04 15:24:58.063631
CUST-6072,139.49bpm,2.8m/sec,Swimming,2025-05-04 15:24:58.063660
CUST-6073,193.03bpm,9.66m/sec,Walking,2025-05-04 15:24:58.063682
CUST-6074,147.08bpm,2.22m/sec,Hiking,2025-05-04 15:24:58.063705
CUST-6075,123.71bpm,5.21m/sec,Running,2025-05-04 15:24:58.063726
CUST-6076,143.78bpm,10.14m/sec,Swimming,2025-05-04 15:24:58.063748
CUST-6077,191.62bpm,3.96m/sec,Hiking,2025-05-04 15:24:58.063770
CUST-6078,115.85bpm,1.48m/sec,Hiking,2025-05-04 15:24:58.063792
CUST-6079,183.27bpm,3.83m/sec,Walking,2025-05-04 15:24:58.063813
CUST-6080,143.52bpm,2.69m/sec,Swimming,2025-05-04 15:24:58.063835
CUST-6081,159.13bpm,11.15m/sec,Running,2025-05-04 15:24:58.063858
CUST-6082,147.13bpm,6.55m/sec,Walking,2025-05-04 15:24:58.063880
CUST-6083,163.18bpm,5.59m/sec,Hiking,2025-05-04 15:24:58.063901
CUST-6084,105.2bpm,4.05m/sec,Swimming,2025-05-04 15:24:58.063923
CUST-6085,171.07bpm,4.39m/sec,Hiking,2025-05-04 15:24:58.063945
CUST-6086,153.09bpm,3.58m/sec,Running,2025-05-04 15:24:58.063967
CUST-6087,136.52bpm,5.96m/sec,Hiking,2025-05-04 15:24:58.063989
CUST-6088,102.0bpm,4.65m/sec,Hiking,2025-05-04 15:24:58.064011
CUST-6089,145.24bpm,9.73m/sec,Walking,2025-05-04 15:24:58.064033
CUST-6090,200.65bpm,1.3m/sec,Running,2025-05-04 15:24:58.064054
CUST-6091,175.53bpm,7.62m/sec,Hiking,2025-05-04 15:24:58.064076
CUST-6092,204.58bpm,2.12m/sec,Running,2025-05-04 15:24:58.064098
CUST-6093,149.27bpm,9.45m/sec,Hiking,2025-05-04 15:24:58.064120
CUST-6094,136.88bpm,1.55m/sec,Walking,2025-05-04 15:24:58.064142
CUST-6095,178.83bpm,11.46m/sec,Walking,2025-05-04 15:24:58.064164
CUST-6096,176.74bpm,4.2m/sec,Hiking,2025-05-04 15:24:58.064185
CUST-6097,116.47bpm,5.42m/sec,Walking,2025-05-04 15:24:58.064207
CUST-6098,133.82bpm,2.61m/sec,Hiking,2025-05-04 15:24:58.064230
CUST-6099,168.28bpm,1.49m/sec,Swimming,2025-05-04 15:24:58.064268
CUST-6100,181.21bpm,5.2m/sec,Walking,2025-05-04 15:24:58.064290
CUST-6101,167.46bpm,1.6m/sec,Running,2025-05-04 15:24:58.064312
CUST-6102,201.24bpm,6.52m/sec,Walking,2025-05-04 15:24:58.064335
CUST-6103,164.84bpm,7.68m/sec,Hiking,2025-05-04 15:24:58.064356
CUST-6104,186.46bpm,4.2m/sec,Hiking,2025-05-04 15:24:58.064378
CUST-6105,140.86bpm,3.06m/sec,Hiking,2025-05-04 15:24:58.064400
CUST-6106,122.83bpm,11.24m/sec,Swimming,2025-05-04 15:24:58.064479
CUST-6107,196.26bpm,4.65m/sec,Hiking,2025-05-04 15:24:58.064502
CUST-6108,162.63bpm,3.07m/sec,Swimming,2025-05-04 15:24:58.064531
CUST-6109,160.82bpm,10.42m/sec,Hiking,2025-05-04 15:24:58.064554
CUST-6110,142.93bpm,8.74m/sec,Hiking,2025-05-04 15:24:58.064582
CUST-6111,198.34bpm,11.14m/sec,Walking,2025-05-04 15:24:58.064649
CUST-6112,162.87bpm,10.89m/sec,Walking,2025-05-04 15:24:58.064682
CUST-6113,172.62bpm,9.39m/sec,Swimming,2025-05-04 15:24:58.064706
CUST-6114,119.56bpm,5.1m/sec,Walking,2025-05-04 15:24:58.064729
CUST-6115,162.83bpm,8.67m/sec,Running,2025-05-04 15:24:58.064752
CUST-6116,113.03bpm,4.49m/sec,Swimming,2025-05-04 15:24:58.064775
CUST-6117,133.74bpm,2.73m/sec,Hiking,2025-05-04 15:24:58.064799
CUST-6118,169.94bpm,1.93m/sec,Walking,2025-05-04 15:24:58.064821
CUST-6119,132.75bpm,7.81m/sec,Swimming,2025-05-04 15:24:58.064843
CUST-6120,128.51bpm,6.04m/sec,Running,2025-05-04 15:24:58.064865
CUST-6121,137.58bpm,5.25m/sec,Walking,2025-05-04 15:24:58.064981
CUST-6122,115.38bpm,5.94m/sec,Running,2025-05-04 15:24:58.065002
CUST-6123,117.2bpm,7.97m/sec,Running,2025-05-04 15:24:58.065020
CUST-6124,140.88bpm,11.64m/sec,Hiking,2025-05-04 15:24:58.065039
CUST-6125,127.8bpm,1.78m/sec,Running,2025-05-04 15:24:58.065058
CUST-6126,147.16bpm,2.3m/sec,Running,2025-05-04 15:24:58.065076
CUST-6127,153.13bpm,1.44m/sec,Swimming,2025-05-04 15:24:58.065094
CUST-6128,102.04bpm,11.42m/sec,Hiking,2025-05-04 15:24:58.065112
CUST-6129,139.55bpm,9.59m/sec,Hiking,2025-05-04 15:24:58.065131
CUST-6130,167.42bpm,7.1m/sec,Hiking,2025-05-04 15:24:58.065149
CUST-6131,144.37bpm,9.22m/sec,Swimming,2025-05-04 15:24:58.065167
CUST-6132,193.8bpm,1.43m/sec,Running,2025-05-04 15:24:58.065185
CUST-6133,156.62bpm,6.13m/sec,Running,2025-05-04 15:24:58.065204
CUST-6134,182.11bpm,11.23m/sec,Hiking,2025-05-04 15:24:58.065222
CUST-6135,183.68bpm,11.41m/sec,Walking,2025-05-04 15:24:58.065241
CUST-6136,111.86bpm,4.37m/sec,Hiking,2025-05-04 15:24:58.065259
CUST-6137,139.14bpm,9.12m/sec,Hiking,2025-05-04 15:24:58.065277
CUST-6138,121.42bpm,4.69m/sec,Walking,2025-05-04 15:24:58.065296
CUST-6139,186.47bpm,2.51m/sec,Walking,2025-05-04 15:24:58.065315
CUST-6140,154.59bpm,8.66m/sec,Walking,2025-05-04 15:24:58.065366
CUST-6141,198.42bpm,1.9m/sec,Swimming,2025-05-04 15:24:58.065434
CUST-6142,209.43bpm,2.22m/sec,Walking,2025-05-04 15:24:58.065456
CUST-6143,200.15bpm,1.95m/sec,Walking,2025-05-04 15:24:58.065475
CUST-6144,117.38bpm,11.72m/sec,Swimming,2025-05-04 15:24:58.065494
CUST-6145,186.69bpm,7.58m/sec,Running,2025-05-04 15:24:58.065513
CUST-6146,129.16bpm,7.81m/sec,Walking,2025-05-04 15:24:58.065531
CUST-6147,136.83bpm,11.9m/sec,Hiking,2025-05-04 15:24:58.065550
CUST-6148,143.48bpm,6.03m/sec,Walking,2025-05-04 15:24:58.065568
CUST-6149,171.07bpm,5.67m/sec,Walking,2025-05-04 15:24:58.065600
CUST-6150,135.04bpm,8.25m/sec,Hiking,2025-05-04 15:24:58.065620
CUST-6151,116.09bpm,2.11m/sec,Running,2025-05-04 15:24:58.065639
CUST-6152,136.82bpm,11.68m/sec,Swimming,2025-05-04 15:24:58.065657
CUST-6153,149.96bpm,10.75m/sec,Swimming,2025-05-04 15:24:58.065675
CUST-6154,138.72bpm,8.2m/sec,Hiking,2025-05-04 15:24:58.065693
CUST-6155,184.26bpm,8.49m/sec,Walking,2025-05-04 15:24:58.065711
CUST-6156,158.37bpm,8.58m/sec,Walking,2025-05-04 15:24:58.065730
CUST-6157,208.96bpm,6.97m/sec,Running,2025-05-04 15:24:58.065748
CUST-6158,163.57bpm,6.38m/sec,Walking,2025-05-04 15:24:58.065767
CUST-6159,179.4bpm,6.84m/sec,Running,2025-05-04 15:24:58.065785
CUST-6160,113.42bpm,6.73m/sec,Swimming,2025-05-04 15:24:58.065804
CUST-6161,119.73bpm,1.46m/sec,Running,2025-05-04 15:24:58.065822
CUST-6162,206.51bpm,9.59m/sec,Swimming,2025-05-04 15:24:58.065840
CUST-6163,150.27bpm,4.19m/sec,Running,2025-05-04 15:24:58.065858
CUST-6164,183.46bpm,3.4m/sec,Swimming,2025-05-04 15:24:58.065892
CUST-6165,110.43bpm,9.21m/sec,Running,2025-05-04 15:24:58.065914
CUST-6166,159.42bpm,8.15m/sec,Walking,2025-05-04 15:24:58.065933
CUST-6167,132.31bpm,9.33m/sec,Swimming,2025-05-04 15:24:58.065952
CUST-6168,180.07bpm,1.88m/sec,Swimming,2025-05-04 15:24:58.065971
CUST-6169,158.42bpm,9.62m/sec,Hiking,2025-05-04 15:24:58.065990
CUST-6170,136.68bpm,10.29m/sec,Running,2025-05-04 15:24:58.066008
CUST-6171,173.23bpm,11.27m/sec,Running,2025-05-04 15:24:58.066027
CUST-6172,110.2bpm,2.66m/sec,Running,2025-05-04 15:24:58.066045
CUST-6173,112.78bpm,11.21m/sec,Hiking,2025-05-04 15:24:58.066092
CUST-6174,204.54bpm,2.99m/sec,Hiking,2025-05-04 15:24:58.066111
CUST-6175,171.52bpm,7.1m/sec,Hiking,2025-05-04 15:24:58.066161
CUST-6176,203.62bpm,4.29m/sec,Hiking,2025-05-04 15:24:58.066272
CUST-6177,180.66bpm,7.39m/sec,Hiking,2025-05-04 15:24:58.066295
CUST-6178,111.15bpm,1.96m/sec,Running,2025-05-04 15:24:58.066315
CUST-6179,188.67bpm,7.43m/sec,Swimming,2025-05-04 15:24:58.066334
CUST-6180,206.14bpm,7.15m/sec,Swimming,2025-05-04 15:24:58.066353
CUST-6181,150.84bpm,7.58m/sec,Running,2025-05-04 15:24:58.066371
CUST-6182,106.61bpm,6.48m/sec,Swimming,2025-05-04 15:24:58.066429
CUST-6183,181.68bpm,10.33m/sec,Running,2025-05-04 15:24:58.066448
CUST-6184,136.88bpm,4.07m/sec,Swimming,2025-05-04 15:24:58.066466
CUST-6185,190.64bpm,9.91m/sec,Running,2025-05-04 15:24:58.066485
CUST-6186,136.45bpm,1.33m/sec,Walking,2025-05-04 15:24:58.066502
CUST-6187,102.88bpm,5.78m/sec,Walking,2025-05-04 15:24:58.066521
CUST-6188,181.45bpm,2.53m/sec,Swimming,2025-05-04 15:24:58.066539
CUST-6189,169.46bpm,6.32m/sec,Running,2025-05-04 15:24:58.066557
CUST-6190,129.47bpm,3.31m/sec,Walking,2025-05-04 15:24:58.066575
CUST-6191,185.73bpm,9.09m/sec,Swimming,2025-05-04 15:24:58.066593
CUST-6192,195.48bpm,1.57m/sec,Walking,2025-05-04 15:24:58.066612
CUST-6193,150.54bpm,2.25m/sec,Swimming,2025-05-04 15:24:58.066630
CUST-6194,170.63bpm,9.86m/sec,Walking,2025-05-04 15:24:58.066648
CUST-6195,149.37bpm,5.5m/sec,Swimming,2025-05-04 15:24:58.066667
CUST-6196,194.2bpm,4.25m/sec,Running,2025-05-04 15:24:58.066687
CUST-6197,189.66bpm,4.93m/sec,Walking,2025-05-04 15:24:58.066706
CUST-6198,103.58bpm,9.2m/sec,Walking,2025-05-04 15:24:58.066724
CUST-6199,149.86bpm,11.93m/sec,Walking,2025-05-04 15:24:58.066742
CUST-6200,190.6bpm,6.97m/sec,Running,2025-05-04 15:24:58.066761
CUST-6201,188.66bpm,6.45m/sec,Hiking,2025-05-04 15:24:58.066779
CUST-6202,159.29bpm,4.46m/sec,Walking,2025-05-04 15:24:58.066798
CUST-6203,135.88bpm,6.76m/sec,Hiking,2025-05-04 15:24:58.066816
CUST-6204,190.82bpm,10.94m/sec,Running,2025-05-04 15:24:58.066834
CUST-6205,184.42bpm,6.29m/sec,Running,2025-05-04 15:24:58.066852
CUST-6206,157.11bpm,1.67m/sec,Swimming,2025-05-04 15:24:58.066918
CUST-6207,182.7bpm,7.25m/sec,Running,2025-05-04 15:24:58.066943
CUST-6208,138.01bpm,8.81m/sec,Running,2025-05-04 15:24:58.066955
CUST-6209,149.03bpm,11.88m/sec,Swimming,2025-05-04 15:24:58.066965
CUST-6210,156.62bpm,7.85m/sec,Hiking,2025-05-04 15:24:58.066975
CUST-6211,149.61bpm,8.08m/sec,Running,2025-05-04 15:24:58.066985
CUST-6212,156.31bpm,11.14m/sec,Swimming,2025-05-04 15:24:58.066996
CUST-6213,169.47bpm,4.39m/sec,Swimming,2025-05-04 15:24:58.067006
CUST-6214,120.97bpm,9.87m/sec,Swimming,2025-05-04 15:24:58.067015
CUST-6215,140.52bpm,1.18m/sec,Hiking,2025-05-04 15:24:58.067025
CUST-6216,118.66bpm,11.92m/sec,Running,2025-05-04 15:24:58.067034
CUST-6217,189.09bpm,8.51m/sec,Swimming,2025-05-04 15:24:58.067044
CUST-6218,117.83bpm,5.25m/sec,Walking,2025-05-04 15:24:58.067054
CUST-6219,192.86bpm,10.12m/sec,Running,2025-05-04 15:24:58.067064
CUST-6220,202.12bpm,4.06m/sec,Hiking,2025-05-04 15:24:58.067073
CUST-6221,199.2bpm,7.86m/sec,Hiking,2025-05-04 15:24:58.067083
CUST-6222,139.53bpm,10.91m/sec,Walking,2025-05-04 15:24:58.067093
CUST-6223,131.82bpm,7.96m/sec,Running,2025-05-04 15:24:58.067102
CUST-6224,194.78bpm,6.17m/sec,Walking,2025-05-04 15:24:58.067112
CUST-6225,142.18bpm,7.34m/sec,Swimming,2025-05-04 15:24:58.067121
CUST-6226,171.92bpm,9.88m/sec,Running,2025-05-04 15:24:58.067131
CUST-6227,142.46bpm,8.74m/sec,Running,2025-05-04 15:24:58.067140
CUST-6228,146.16bpm,1.67m/sec,Hiking,2025-05-04 15:24:58.067149
CUST-6229,161.9bpm,5.14m/sec,Running,2025-05-04 15:24:58.067159
CUST-6230,108.03bpm,8.28m/sec,Walking,2025-05-04 15:24:58.067175
CUST-6231,186.62bpm,10.19m/sec,Swimming,2025-05-04 15:24:58.067186
CUST-6232,169.75bpm,4.32m/sec,Walking,2025-05-04 15:24:58.067195
CUST-6233,138.8bpm,2.24m/sec,Walking,2025-05-04 15:24:58.067205
CUST-6234,139.43bpm,4.27m/sec,Walking,2025-05-04 15:24:58.067214
CUST-6235,188.65bpm,6.13m/sec,Running,2025-05-04 15:24:58.067223
CUST-6236,138.38bpm,11.3m/sec,Hiking,2025-05-04 15:24:58.067233
CUST-6237,123.54bpm,3.11m/sec,Walking,2025-05-04 15:24:58.067242
CUST-6238,170.6bpm,8.56m/sec,Hiking,2025-05-04 15:24:58.067252
CUST-6239,152.99bpm,2.67m/sec,Running,2025-05-04 15:24:58.067261
CUST-6240,154.39bpm,6.39m/sec,Running,2025-05-04 15:24:58.067270
CUST-6241,127.8bpm,1.84m/sec,Walking,2025-05-04 15:24:58.067280
CUST-6242,105.54bpm,6.06m/sec,Walking,2025-05-04 15:24:58.067289
CUST-6243,186.53bpm,4.79m/sec,Hiking,2025-05-04 15:24:58.067298
CUST-6244,139.16bpm,9.04m/sec,Hiking,2025-05-04 15:24:58.067307
CUST-6245,130.98bpm,3.23m/sec,Running,2025-05-04 15:24:58.067373
CUST-6246,147.96bpm,9.86m/sec,Running,2025-05-04 15:24:58.067383
CUST-6247,114.22bpm,1.63m/sec,Swimming,2025-05-04 15:24:58.067393
CUST-6248,181.47bpm,5.78m/sec,Hiking,2025-05-04 15:24:58.067402
CUST-6249,102.18bpm,5.5m/sec,Walking,2025-05-04 15:24:58.067412
CUST-6250,138.76bpm,4.47m/sec,Walking,2025-05-04 15:24:58.067421
CUST-6251,168.56bpm,3.54m/sec,Hiking,2025-05-04 15:24:58.067430
CUST-6252,186.66bpm,6.38m/sec,Hiking,2025-05-04 15:24:58.067440
CUST-6253,176.39bpm,4.27m/sec,Hiking,2025-05-04 15:24:58.067449
CUST-6254,145.96bpm,2.71m/sec,Hiking,2025-05-04 15:24:58.067458
CUST-6255,186.86bpm,8.86m/sec,Running,2025-05-04 15:24:58.067468
CUST-6256,208.62bpm,3.57m/sec,Walking,2025-05-04 15:24:58.067477
CUST-6257,147.77bpm,8.94m/sec,Running,2025-05-04 15:24:58.067486
CUST-6258,170.11bpm,4.79m/sec,Walking,2025-05-04 15:24:58.067495
CUST-6259,189.28bpm,4.96m/sec,Running,2025-05-04 15:24:58.067505
CUST-6260,160.39bpm,9.63m/sec,Hiking,2025-05-04 15:24:58.067514
CUST-6261,127.36bpm,1.09m/sec,Hiking,2025-05-04 15:24:58.067523
CUST-6262,114.96bpm,6.86m/sec,Walking,2025-05-04 15:24:58.067532
CUST-6263,123.56bpm,7.85m/sec,Hiking,2025-05-04 15:24:58.067542
CUST-6264,127.49bpm,1.91m/sec,Walking,2025-05-04 15:24:58.067551
CUST-6265,140.26bpm,9.09m/sec,Hiking,2025-05-04 15:24:58.067560
CUST-6266,129.22bpm,3.07m/sec,Hiking,2025-05-04 15:24:58.067570
CUST-6267,181.39bpm,2.38m/sec,Walking,2025-05-04 15:24:58.067579
CUST-6268,169.85bpm,4.76m/sec,Walking,2025-05-04 15:24:58.067588
CUST-6269,149.57bpm,6.47m/sec,Hiking,2025-05-04 15:24:58.067597
CUST-6270,182.24bpm,2.4m/sec,Hiking,2025-05-04 15:24:58.067606
CUST-6271,170.02bpm,10.74m/sec,Running,2025-05-04 15:24:58.067616
CUST-6272,154.44bpm,9.87m/sec,Hiking,2025-05-04 15:24:58.067625
CUST-6273,134.05bpm,10.02m/sec,Walking,2025-05-04 15:24:58.067634
CUST-6274,110.63bpm,5.26m/sec,Swimming,2025-05-04 15:24:58.067644
CUST-6275,204.61bpm,10.4m/sec,Walking,2025-05-04 15:24:58.067653
CUST-6276,146.19bpm,8.76m/sec,Swimming,2025-05-04 15:24:58.067663
CUST-6277,190.13bpm,9.8m/sec,Walking,2025-05-04 15:24:58.067672
CUST-6278,183.54bpm,7.57m/sec,Running,2025-05-04 15:24:58.067682
CUST-6279,177.97bpm,5.21m/sec,Hiking,2025-05-04 15:24:58.067691
CUST-6280,195.91bpm,7.25m/sec,Swimming,2025-05-04 15:24:58.067700
CUST-6281,116.9bpm,7.25m/sec,Swimming,2025-05-04 15:24:58.067710
CUST-6282,171.18bpm,5.39m/sec,Hiking,2025-05-04 15:24:58.067719
CUST-6283,110.69bpm,10.59m/sec,Hiking,2025-05-04 15:24:58.067729
CUST-6284,209.7bpm,5.25m/sec,Walking,2025-05-04 15:24:58.067738
CUST-6285,128.37bpm,7.66m/sec,Walking,2025-05-04 15:24:58.067748
CUST-6286,199.78bpm,10.92m/sec,Running,2025-05-04 15:24:58.067757
CUST-6287,159.13bpm,8.93m/sec,Walking,2025-05-04 15:24:58.067766
CUST-6288,151.38bpm,6.71m/sec,Walking,2025-05-04 15:24:58.067776
CUST-6289,191.74bpm,4.66m/sec,Swimming,2025-05-04 15:24:58.067785
CUST-6290,193.25bpm,2.77m/sec,Walking,2025-05-04 15:24:58.067795
CUST-6291,181.59bpm,8.83m/sec,Hiking,2025-05-04 15:24:58.067804
CUST-6292,177.97bpm,7.19m/sec,Running,2025-05-04 15:24:58.067813
CUST-6293,158.21bpm,7.16m/sec,Hiking,2025-05-04 15:24:58.067823
CUST-6294,103.87bpm,4.27m/sec,Walking,2025-05-04 15:24:58.067832
CUST-6295,162.61bpm,7.45m/sec,Walking,2025-05-04 15:24:58.067841
CUST-6296,172.48bpm,11.56m/sec,Walking,2025-05-04 15:24:58.067850
CUST-6297,143.73bpm,2.3m/sec,Walking,2025-05-04 15:24:58.067860
CUST-6298,167.66bpm,5.12m/sec,Swimming,2025-05-04 15:24:58.067869
CUST-6299,200.85bpm,5.61m/sec,Walking,2025-05-04 15:24:58.067878
CUST-6300,147.59bpm,4.33m/sec,Running,2025-05-04 15:24:58.067888
CUST-6301,197.77bpm,4.24m/sec,Running,2025-05-04 15:24:58.067897
CUST-6302,197.11bpm,10.28m/sec,Walking,2025-05-04 15:24:58.067906
CUST-6303,155.25bpm,7.33m/sec,Running,2025-05-04 15:24:58.067915
CUST-6304,157.38bpm,9.89m/sec,Hiking,2025-05-04 15:24:58.067925
CUST-6305,168.96bpm,10.71m/sec,Running,2025-05-04 15:24:58.067934
CUST-6306,140.28bpm,2.77m/sec,Swimming,2025-05-04 15:24:58.067945
CUST-6307,170.5bpm,7.5m/sec,Hiking,2025-05-04 15:24:58.067954
CUST-6308,177.89bpm,7.36m/sec,Hiking,2025-05-04 15:24:58.067964
CUST-6309,113.99bpm,7.38m/sec,Swimming,2025-05-04 15:24:58.067973
CUST-6310,168.24bpm,5.6m/sec,Walking,2025-05-04 15:24:58.067983
CUST-6311,198.87bpm,8.05m/sec,Swimming,2025-05-04 15:24:58.067992
CUST-6312,177.83bpm,4.08m/sec,Hiking,2025-05-04 15:24:58.068002
CUST-6313,128.45bpm,9.16m/sec,Walking,2025-05-04 15:24:58.068011
CUST-6314,108.04bpm,9.7m/sec,Walking,2025-05-04 15:24:58.068020
CUST-6315,120.71bpm,10.88m/sec,Hiking,2025-05-04 15:24:58.068029
CUST-6316,111.06bpm,10.97m/sec,Running,2025-05-04 15:24:58.068039
CUST-6317,206.23bpm,7.31m/sec,Walking,2025-05-04 15:24:58.068048
CUST-6318,102.2bpm,4.67m/sec,Swimming,2025-05-04 15:24:58.068058
CUST-6319,184.43bpm,11.24m/sec,Walking,2025-05-04 15:24:58.068067
CUST-6320,160.65bpm,11.56m/sec,Swimming,2025-05-04 15:24:58.068078
CUST-6321,102.23bpm,11.5m/sec,Running,2025-05-04 15:24:58.068087
CUST-6322,179.34bpm,2.93m/sec,Hiking,2025-05-04 15:24:58.068097
CUST-6323,104.24bpm,6.69m/sec,Running,2025-05-04 15:24:58.068107
CUST-6324,151.45bpm,1.71m/sec,Walking,2025-05-04 15:24:58.068116
CUST-6325,202.23bpm,2.17m/sec,Swimming,2025-05-04 15:24:58.068125
CUST-6326,183.59bpm,4.78m/sec,Walking,2025-05-04 15:24:58.068134
CUST-6327,111.62bpm,5.54m/sec,Hiking,2025-05-04 15:24:58.068143
CUST-6328,193.03bpm,5.01m/sec,Walking,2025-05-04 15:24:58.068153
CUST-6329,195.61bpm,5.25m/sec,Running,2025-05-04 15:24:58.068162
CUST-6330,170.26bpm,4.43m/sec,Hiking,2025-05-04 15:24:58.068171
CUST-6331,129.87bpm,10.02m/sec,Swimming,2025-05-04 15:24:58.068181
CUST-6332,201.89bpm,5.32m/sec,Running,2025-05-04 15:24:58.068190
CUST-6333,102.21bpm,6.07m/sec,Hiking,2025-05-04 15:24:58.068199
CUST-6334,123.38bpm,1.2m/sec,Walking,2025-05-04 15:24:58.068208
CUST-6335,126.89bpm,10.21m/sec,Hiking,2025-05-04 15:24:58.068218
CUST-6336,126.0bpm,9.74m/sec,Running,2025-05-04 15:24:58.068227
CUST-6337,149.6bpm,9.91m/sec,Hiking,2025-05-04 15:24:58.068237
CUST-6338,100.72bpm,7.26m/sec,Hiking,2025-05-04 15:24:58.068246
CUST-6339,147.89bpm,8.66m/sec,Swimming,2025-05-04 15:24:58.068255
CUST-6340,178.39bpm,2.48m/sec,Walking,2025-05-04 15:24:58.068265
CUST-6341,113.4bpm,6.31m/sec,Running,2025-05-04 15:24:58.068274
CUST-6342,176.31bpm,1.82m/sec,Walking,2025-05-04 15:24:58.068283
CUST-6343,179.2bpm,6.22m/sec,Walking,2025-05-04 15:24:58.068292
CUST-6344,116.1bpm,8.62m/sec,Swimming,2025-05-04 15:24:58.068302
CUST-6345,145.72bpm,5.78m/sec,Walking,2025-05-04 15:24:58.068311
CUST-6346,116.05bpm,11.69m/sec,Walking,2025-05-04 15:24:58.068320
CUST-6347,209.76bpm,6.01m/sec,Running,2025-05-04 15:24:58.068330
CUST-6348,128.59bpm,6.18m/sec,Walking,2025-05-04 15:24:58.068339
CUST-6349,159.73bpm,4.39m/sec,Swimming,2025-05-04 15:24:58.068348
CUST-6350,151.51bpm,1.94m/sec,Running,2025-05-04 15:24:58.068358
CUST-6351,141.34bpm,5.4m/sec,Hiking,2025-05-04 15:24:58.068367
CUST-6352,147.64bpm,8.91m/sec,Walking,2025-05-04 15:24:58.068376
CUST-6353,188.49bpm,11.33m/sec,Running,2025-05-04 15:24:58.068385
CUST-6354,110.95bpm,2.3m/sec,Running,2025-05-04 15:24:58.068396
CUST-6355,192.28bpm,8.11m/sec,Hiking,2025-05-04 15:24:58.068405
CUST-6356,122.46bpm,9.99m/sec,Running,2025-05-04 15:24:58.068414
CUST-6357,183.01bpm,6.51m/sec,Hiking,2025-05-04 15:24:58.068424
CUST-6358,110.33bpm,5.41m/sec,Swimming,2025-05-04 15:24:58.068433
CUST-6359,206.09bpm,5.44m/sec,Hiking,2025-05-04 15:24:58.068442
CUST-6360,176.7bpm,9.49m/sec,Walking,2025-05-04 15:24:58.068451
CUST-6361,206.78bpm,8.86m/sec,Running,2025-05-04 15:24:58.068461
CUST-6362,141.07bpm,2.59m/sec,Running,2025-05-04 15:24:58.068470
CUST-6363,163.87bpm,4.36m/sec,Hiking,2025-05-04 15:24:58.068479
CUST-6364,156.82bpm,2.03m/sec,Running,2025-05-04 15:24:58.068488
CUST-6365,105.29bpm,7.06m/sec,Walking,2025-05-04 15:24:58.068498
CUST-6366,154.42bpm,4.5m/sec,Swimming,2025-05-04 15:24:58.068507
CUST-6367,145.28bpm,7.57m/sec,Walking,2025-05-04 15:24:58.068516
CUST-6368,123.99bpm,5.5m/sec,Running,2025-05-04 15:24:58.068525
CUST-6369,142.11bpm,2.65m/sec,Walking,2025-05-04 15:24:58.068561
CUST-6370,103.85bpm,10.05m/sec,Swimming,2025-05-04 15:24:58.068572
CUST-6371,189.86bpm,2.66m/sec,Hiking,2025-05-04 15:24:58.068582
CUST-6372,151.9bpm,4.75m/sec,Hiking,2025-05-04 15:24:58.068591
CUST-6373,112.25bpm,9.48m/sec,Swimming,2025-05-04 15:24:58.068600
CUST-6374,104.14bpm,4.65m/sec,Hiking,2025-05-04 15:24:58.068610
CUST-6375,141.78bpm,11.87m/sec,Running,2025-05-04 15:24:58.068619
CUST-6376,136.31bpm,6.15m/sec,Hiking,2025-05-04 15:24:58.068629
CUST-6377,101.58bpm,9.27m/sec,Hiking,2025-05-04 15:24:58.068638
CUST-6378,102.83bpm,1.71m/sec,Swimming,2025-05-04 15:24:58.068648
CUST-6379,151.37bpm,5.37m/sec,Walking,2025-05-04 15:24:58.068657
CUST-6380,116.1bpm,3.14m/sec,Running,2025-05-04 15:24:58.068667
CUST-6381,152.27bpm,11.96m/sec,Hiking,2025-05-04 15:24:58.068676
CUST-6382,114.83bpm,7.76m/sec,Swimming,2025-05-04 15:24:58.068685
CUST-6383,173.34bpm,8.85m/sec,Swimming,2025-05-04 15:24:58.068694
CUST-6384,130.37bpm,6.04m/sec,Hiking,2025-05-04 15:24:58.068704
CUST-6385,111.49bpm,8.01m/sec,Hiking,2025-05-04 15:24:58.068713
CUST-6386,192.63bpm,4.14m/sec,Running,2025-05-04 15:24:58.068722
CUST-6387,119.53bpm,1.98m/sec,Running,2025-05-04 15:24:58.068731
CUST-6388,165.58bpm,4.97m/sec,Running,2025-05-04 15:24:58.068741
CUST-6389,181.34bpm,1.95m/sec,Hiking,2025-05-04 15:24:58.068750
CUST-6390,167.76bpm,10.8m/sec,Running,2025-05-04 15:24:58.068759
CUST-6391,102.33bpm,5.15m/sec,Walking,2025-05-04 15:24:58.068768
CUST-6392,133.07bpm,3.74m/sec,Running,2025-05-04 15:24:58.068778
CUST-6393,109.79bpm,6.87m/sec,Running,2025-05-04 15:24:58.068787
CUST-6394,158.35bpm,5.52m/sec,Running,2025-05-04 15:24:58.068796
CUST-6395,149.66bpm,6.29m/sec,Swimming,2025-05-04 15:24:58.068805
CUST-6396,115.37bpm,1.12m/sec,Swimming,2025-05-04 15:24:58.068815
CUST-6397,167.59bpm,1.11m/sec,Running,2025-05-04 15:24:58.068833
CUST-6398,114.13bpm,4.96m/sec,Walking,2025-05-04 15:24:58.068842
CUST-6399,209.3bpm,4.02m/sec,Walking,2025-05-04 15:24:58.068852
CUST-6400,158.54bpm,4.51m/sec,Swimming,2025-05-04 15:24:58.068861
CUST-6401,200.3bpm,4.2m/sec,Hiking,2025-05-04 15:24:58.068870
CUST-6402,126.25bpm,6.78m/sec,Running,2025-05-04 15:24:58.068880
CUST-6403,103.93bpm,6.39m/sec,Walking,2025-05-04 15:24:58.068889
CUST-6404,164.78bpm,5.64m/sec,Running,2025-05-04 15:24:58.068898
CUST-6405,183.21bpm,8.41m/sec,Walking,2025-05-04 15:24:58.068907
CUST-6406,137.64bpm,6.34m/sec,Running,2025-05-04 15:24:58.068916
CUST-6407,108.5bpm,11.63m/sec,Hiking,2025-05-04 15:24:58.068926
CUST-6408,138.68bpm,7.17m/sec,Running,2025-05-04 15:24:58.068935
CUST-6409,166.18bpm,8.23m/sec,Hiking,2025-05-04 15:24:58.068944
CUST-6410,195.91bpm,5.92m/sec,Swimming,2025-05-04 15:24:58.068954
CUST-6411,119.24bpm,7.47m/sec,Running,2025-05-04 15:24:58.068963
CUST-6412,125.78bpm,10.03m/sec,Swimming,2025-05-04 15:24:58.068973
CUST-6413,148.27bpm,2.32m/sec,Running,2025-05-04 15:24:58.068982
CUST-6414,167.16bpm,3.3m/sec,Hiking,2025-05-04 15:24:58.068991
CUST-6415,109.63bpm,11.29m/sec,Walking,2025-05-04 15:24:58.069000
CUST-6416,189.59bpm,3.07m/sec,Swimming,2025-05-04 15:24:58.069010
CUST-6417,194.45bpm,8.39m/sec,Walking,2025-05-04 15:24:58.069019
CUST-6418,134.36bpm,5.18m/sec,Walking,2025-05-04 15:24:58.069029
CUST-6419,198.78bpm,4.99m/sec,Walking,2025-05-04 15:24:58.069038
CUST-6420,121.14bpm,2.23m/sec,Running,2025-05-04 15:24:58.069047
CUST-6421,114.8bpm,6.51m/sec,Walking,2025-05-04 15:24:58.069056
CUST-6422,163.83bpm,6.93m/sec,Swimming,2025-05-04 15:24:58.069065
CUST-6423,182.15bpm,11.58m/sec,Running,2025-05-04 15:24:58.069075
CUST-6424,191.31bpm,4.41m/sec,Swimming,2025-05-04 15:24:58.069084
CUST-6425,114.98bpm,9.1m/sec,Swimming,2025-05-04 15:24:58.069093
CUST-6426,175.53bpm,11.37m/sec,Hiking,2025-05-04 15:24:58.069103
CUST-6427,193.89bpm,5.87m/sec,Swimming,2025-05-04 15:24:58.069112
CUST-6428,139.61bpm,8.23m/sec,Hiking,2025-05-04 15:24:58.069121
CUST-6429,175.28bpm,6.49m/sec,Hiking,2025-05-04 15:24:58.069130
CUST-6430,187.5bpm,8.9m/sec,Hiking,2025-05-04 15:24:58.069141
CUST-6431,200.37bpm,2.16m/sec,Running,2025-05-04 15:24:58.069150
CUST-6432,138.63bpm,7.95m/sec,Running,2025-05-04 15:24:58.069160
CUST-6433,156.9bpm,8.03m/sec,Hiking,2025-05-04 15:24:58.069169
CUST-6434,138.71bpm,8.6m/sec,Swimming,2025-05-04 15:24:58.069178
CUST-6435,130.42bpm,9.58m/sec,Running,2025-05-04 15:24:58.069187
CUST-6436,103.03bpm,10.61m/sec,Walking,2025-05-04 15:24:58.069197
CUST-6437,209.36bpm,10.65m/sec,Hiking,2025-05-04 15:24:58.069207
CUST-6438,209.53bpm,1.74m/sec,Running,2025-05-04 15:24:58.069216
CUST-6439,101.44bpm,2.64m/sec,Hiking,2025-05-04 15:24:58.069225
CUST-6440,181.15bpm,6.86m/sec,Running,2025-05-04 15:24:58.069234
CUST-6441,162.3bpm,7.65m/sec,Swimming,2025-05-04 15:24:58.069244
CUST-6442,194.35bpm,4.75m/sec,Running,2025-05-04 15:24:58.069253
CUST-6443,160.56bpm,7.0m/sec,Swimming,2025-05-04 15:24:58.069263
CUST-6444,190.02bpm,2.15m/sec,Swimming,2025-05-04 15:24:58.069272
CUST-6445,177.04bpm,9.23m/sec,Running,2025-05-04 15:24:58.069282
CUST-6446,155.61bpm,2.12m/sec,Swimming,2025-05-04 15:24:58.069291
CUST-6447,129.42bpm,3.32m/sec,Swimming,2025-05-04 15:24:58.069300
CUST-6448,180.54bpm,2.38m/sec,Walking,2025-05-04 15:24:58.069310
CUST-6449,145.86bpm,9.23m/sec,Hiking,2025-05-04 15:24:58.069319
CUST-6450,155.84bpm,8.0m/sec,Hiking,2025-05-04 15:24:58.069328
CUST-6451,123.04bpm,3.42m/sec,Running,2025-05-04 15:24:58.069337
CUST-6452,191.66bpm,7.3m/sec,Swimming,2025-05-04 15:24:58.069347
CUST-6453,208.9bpm,10.34m/sec,Swimming,2025-05-04 15:24:58.069356
CUST-6454,122.98bpm,3.58m/sec,Hiking,2025-05-04 15:24:58.069365
CUST-6455,169.04bpm,7.11m/sec,Hiking,2025-05-04 15:24:58.069375
CUST-6456,130.24bpm,5.52m/sec,Hiking,2025-05-04 15:24:58.069384
CUST-6457,164.78bpm,10.66m/sec,Hiking,2025-05-04 15:24:58.069393
CUST-6458,121.86bpm,2.63m/sec,Walking,2025-05-04 15:24:58.069402
CUST-6459,167.17bpm,4.21m/sec,Swimming,2025-05-04 15:24:58.069412
CUST-6460,129.8bpm,3.16m/sec,Swimming,2025-05-04 15:24:58.069421
CUST-6461,179.71bpm,5.9m/sec,Hiking,2025-05-04 15:24:58.069430
CUST-6462,100.78bpm,7.58m/sec,Running,2025-05-04 15:24:58.069440
CUST-6463,133.69bpm,6.86m/sec,Swimming,2025-05-04 15:24:58.069449
CUST-6464,116.57bpm,4.13m/sec,Swimming,2025-05-04 15:24:58.069458
CUST-6465,146.98bpm,7.86m/sec,Hiking,2025-05-04 15:24:58.069467
CUST-6466,147.73bpm,10.05m/sec,Running,2025-05-04 15:24:58.069476
CUST-6467,209.73bpm,8.9m/sec,Running,2025-05-04 15:24:58.069486
CUST-6468,155.53bpm,5.32m/sec,Hiking,2025-05-04 15:24:58.069495
CUST-6469,174.1bpm,10.44m/sec,Walking,2025-05-04 15:24:58.069504
CUST-6470,127.18bpm,4.85m/sec,Hiking,2025-05-04 15:24:58.069514
CUST-6471,143.05bpm,2.86m/sec,Running,2025-05-04 15:24:58.069523
CUST-6472,184.06bpm,1.11m/sec,Hiking,2025-05-04 15:24:58.069532
CUST-6473,184.58bpm,2.14m/sec,Running,2025-05-04 15:24:58.069541
CUST-6474,124.6bpm,7.13m/sec,Running,2025-05-04 15:24:58.069550
CUST-6475,203.01bpm,11.6m/sec,Swimming,2025-05-04 15:24:58.069560
CUST-6476,183.09bpm,10.58m/sec,Swimming,2025-05-04 15:24:58.069569
CUST-6477,176.13bpm,7.34m/sec,Running,2025-05-04 15:24:58.069578
CUST-6478,162.52bpm,11.52m/sec,Swimming,2025-05-04 15:24:58.069588
CUST-6479,187.54bpm,4.96m/sec,Swimming,2025-05-04 15:24:58.069597
CUST-6480,188.2bpm,7.04m/sec,Running,2025-05-04 15:24:58.069607
CUST-6481,173.69bpm,1.57m/sec,Hiking,2025-05-04 15:24:58.069616
CUST-6482,207.69bpm,5.96m/sec,Running,2025-05-04 15:24:58.069625
CUST-6483,189.47bpm,11.69m/sec,Swimming,2025-05-04 15:24:58.069634
CUST-6484,113.52bpm,8.64m/sec,Walking,2025-05-04 15:24:58.069644
CUST-6485,177.26bpm,4.58m/sec,Running,2025-05-04 15:24:58.069653
CUST-6486,103.2bpm,10.95m/sec,Hiking,2025-05-04 15:24:58.069662
CUST-6487,108.93bpm,4.42m/sec,Swimming,2025-05-04 15:24:58.069672
CUST-6488,198.03bpm,4.66m/sec,Walking,2025-05-04 15:24:58.069681
CUST-6489,121.24bpm,6.62m/sec,Hiking,2025-05-04 15:24:58.069690
CUST-6490,101.97bpm,2.69m/sec,Walking,2025-05-04 15:24:58.069699
CUST-6491,113.07bpm,11.03m/sec,Swimming,2025-05-04 15:24:58.069709
CUST-6492,100.54bpm,3.81m/sec,Hiking,2025-05-04 15:24:58.069718
CUST-6493,191.63bpm,7.25m/sec,Swimming,2025-05-04 15:24:58.069743
CUST-6494,151.0bpm,11.26m/sec,Swimming,2025-05-04 15:24:58.069753
CUST-6495,127.84bpm,9.88m/sec,Swimming,2025-05-04 15:24:58.069762
CUST-6496,209.64bpm,8.51m/sec,Running,2025-05-04 15:24:58.069771
CUST-6497,201.01bpm,8.98m/sec,Running,2025-05-04 15:24:58.069781
CUST-6498,168.87bpm,1.24m/sec,Swimming,2025-05-04 15:24:58.069790
CUST-6499,137.08bpm,2.84m/sec,Running,2025-05-04 15:24:58.069799
CUST-6500,128.91bpm,3.53m/sec,Swimming,2025-05-04 15:24:58.069809
CUST-6501,194.25bpm,5.71m/sec,Walking,2025-05-04 15:24:58.069818
CUST-6502,128.78bpm,11.11m/sec,Running,2025-05-04 15:24:58.069828
CUST-6503,131.26bpm,11.19m/sec,Swimming,2025-05-04 15:24:58.069837
CUST-6504,179.72bpm,7.35m/sec,Walking,2025-05-04 15:24:58.069846
CUST-6505,174.94bpm,9.37m/sec,Hiking,2025-05-04 15:24:58.069856
CUST-6506,166.65bpm,7.55m/sec,Walking,2025-05-04 15:24:58.069865
CUST-6507,127.45bpm,5.74m/sec,Hiking,2025-05-04 15:24:58.069874
CUST-6508,145.5bpm,5.71m/sec,Running,2025-05-04 15:24:58.069883
CUST-6509,157.44bpm,10.24m/sec,Hiking,2025-05-04 15:24:58.069892
CUST-6510,163.78bpm,5.12m/sec,Running,2025-05-04 15:24:58.069902
CUST-6511,154.1bpm,9.76m/sec,Walking,2025-05-04 15:24:58.069911
CUST-6512,185.66bpm,11.51m/sec,Swimming,2025-05-04 15:24:58.069948
CUST-6513,111.55bpm,11.96m/sec,Hiking,2025-05-04 15:24:58.069957
CUST-6514,148.17bpm,1.21m/sec,Swimming,2025-05-04 15:24:58.069967
CUST-6515,205.7bpm,6.92m/sec,Running,2025-05-04 15:24:58.069976
CUST-6516,121.06bpm,5.05m/sec,Running,2025-05-04 15:24:58.069985
CUST-6517,205.96bpm,2.16m/sec,Walking,2025-05-04 15:24:58.069995
CUST-6518,186.8bpm,11.22m/sec,Swimming,2025-05-04 15:24:58.070004
CUST-6519,182.5bpm,6.55m/sec,Walking,2025-05-04 15:24:58.070013
CUST-6520,110.96bpm,10.41m/sec,Running,2025-05-04 15:24:58.070023
CUST-6521,111.5bpm,8.17m/sec,Swimming,2025-05-04 15:24:58.070032
CUST-6522,190.79bpm,11.64m/sec,Running,2025-05-04 15:24:58.070041
CUST-6523,204.3bpm,9.89m/sec,Running,2025-05-04 15:24:58.070051
CUST-6524,116.9bpm,11.94m/sec,Swimming,2025-05-04 15:24:58.070060
CUST-6525,173.71bpm,11.46m/sec,Running,2025-05-04 15:24:58.070069
CUST-6526,206.1bpm,10.14m/sec,Walking,2025-05-04 15:24:58.070078
CUST-6527,200.02bpm,10.92m/sec,Running,2025-05-04 15:24:58.070088
CUST-6528,118.47bpm,9.22m/sec,Walking,2025-05-04 15:24:58.070097
CUST-6529,137.57bpm,8.35m/sec,Running,2025-05-04 15:24:58.070106
CUST-6530,178.8bpm,11.46m/sec,Running,2025-05-04 15:24:58.070116
CUST-6531,194.59bpm,5.09m/sec,Running,2025-05-04 15:24:58.070133
CUST-6532,170.15bpm,5.61m/sec,Running,2025-05-04 15:24:58.070142
CUST-6533,201.79bpm,9.26m/sec,Walking,2025-05-04 15:24:58.070152
CUST-6534,170.15bpm,8.17m/sec,Swimming,2025-05-04 15:24:58.070167
CUST-6535,117.88bpm,7.43m/sec,Running,2025-05-04 15:24:58.070176
CUST-6536,117.76bpm,5.0m/sec,Hiking,2025-05-04 15:24:58.070186
CUST-6537,191.59bpm,6.87m/sec,Swimming,2025-05-04 15:24:58.070195
CUST-6538,180.62bpm,3.03m/sec,Hiking,2025-05-04 15:24:58.070205
CUST-6539,189.13bpm,10.2m/sec,Swimming,2025-05-04 15:24:58.070215
CUST-6540,104.35bpm,7.69m/sec,Hiking,2025-05-04 15:24:58.070224
CUST-6541,109.84bpm,8.84m/sec,Running,2025-05-04 15:24:58.070233
CUST-6542,112.85bpm,5.17m/sec,Running,2025-05-04 15:24:58.070243
CUST-6543,167.05bpm,5.15m/sec,Hiking,2025-05-04 15:24:58.070252
CUST-6544,174.31bpm,4.28m/sec,Hiking,2025-05-04 15:24:58.070262
CUST-6545,149.35bpm,8.56m/sec,Hiking,2025-05-04 15:24:58.070271
CUST-6546,208.98bpm,7.18m/sec,Hiking,2025-05-04 15:24:58.070280
CUST-6547,159.98bpm,9.19m/sec,Walking,2025-05-04 15:24:58.070289
CUST-6548,135.29bpm,11.52m/sec,Swimming,2025-05-04 15:24:58.070299
CUST-6549,110.53bpm,5.36m/sec,Walking,2025-05-04 15:24:58.070308
CUST-6550,105.19bpm,7.45m/sec,Walking,2025-05-04 15:24:58.070317
CUST-6551,156.8bpm,7.57m/sec,Running,2025-05-04 15:24:58.070326
CUST-6552,140.85bpm,10.09m/sec,Running,2025-05-04 15:24:58.070335
CUST-6553,188.96bpm,2.69m/sec,Swimming,2025-05-04 15:24:58.070345
CUST-6554,127.1bpm,4.51m/sec,Swimming,2025-05-04 15:24:58.070354
CUST-6555,165.14bpm,11.69m/sec,Hiking,2025-05-04 15:24:58.070364
CUST-6556,207.63bpm,2.99m/sec,Hiking,2025-05-04 15:24:58.070373
CUST-6557,136.93bpm,6.45m/sec,Swimming,2025-05-04 15:24:58.070382
CUST-6558,162.31bpm,3.39m/sec,Walking,2025-05-04 15:24:58.070392
CUST-6559,104.54bpm,8.87m/sec,Walking,2025-05-04 15:24:58.070401
CUST-6560,130.45bpm,3.92m/sec,Hiking,2025-05-04 15:24:58.070410
CUST-6561,122.96bpm,4.68m/sec,Hiking,2025-05-04 15:24:58.070428
CUST-6562,100.71bpm,3.76m/sec,Swimming,2025-05-04 15:24:58.070438
CUST-6563,203.96bpm,8.6m/sec,Running,2025-05-04 15:24:58.070447
CUST-6564,152.39bpm,8.82m/sec,Running,2025-05-04 15:24:58.070456
CUST-6565,171.66bpm,7.81m/sec,Hiking,2025-05-04 15:24:58.070466
CUST-6566,114.8bpm,2.71m/sec,Running,2025-05-04 15:24:58.070475
CUST-6567,151.37bpm,7.11m/sec,Running,2025-05-04 15:24:58.070484
CUST-6568,159.93bpm,6.31m/sec,Running,2025-05-04 15:24:58.070494
CUST-6569,119.41bpm,4.66m/sec,Swimming,2025-05-04 15:24:58.070503
CUST-6570,117.29bpm,1.73m/sec,Hiking,2025-05-04 15:24:58.070512
CUST-6571,118.94bpm,11.3m/sec,Running,2025-05-04 15:24:58.070522
CUST-6572,137.66bpm,6.77m/sec,Running,2025-05-04 15:24:58.070531
CUST-6573,203.99bpm,1.47m/sec,Walking,2025-05-04 15:24:58.070541
CUST-6574,121.3bpm,3.54m/sec,Hiking,2025-05-04 15:24:58.070550
CUST-6575,193.6bpm,9.14m/sec,Hiking,2025-05-04 15:24:58.070559
CUST-6576,183.97bpm,4.48m/sec,Hiking,2025-05-04 15:24:58.070569
CUST-6577,126.66bpm,3.37m/sec,Hiking,2025-05-04 15:24:58.070578
CUST-6578,191.01bpm,7.51m/sec,Swimming,2025-05-04 15:24:58.070587
CUST-6579,119.1bpm,9.44m/sec,Running,2025-05-04 15:24:58.070597
CUST-6580,134.24bpm,5.31m/sec,Walking,2025-05-04 15:24:58.070606
CUST-6581,121.14bpm,11.05m/sec,Running,2025-05-04 15:24:58.070615
CUST-6582,117.02bpm,10.46m/sec,Walking,2025-05-04 15:24:58.070625
CUST-6583,128.51bpm,3.11m/sec,Running,2025-05-04 15:24:58.070634
CUST-6584,184.83bpm,10.12m/sec,Walking,2025-05-04 15:24:58.070644
CUST-6585,128.18bpm,6.08m/sec,Running,2025-05-04 15:24:58.070653
CUST-6586,143.75bpm,11.32m/sec,Hiking,2025-05-04 15:24:58.070662
CUST-6587,185.15bpm,10.88m/sec,Hiking,2025-05-04 15:24:58.070672
CUST-6588,132.41bpm,6.0m/sec,Running,2025-05-04 15:24:58.070681
CUST-6589,191.98bpm,2.49m/sec,Walking,2025-05-04 15:24:58.070690
CUST-6590,147.93bpm,4.06m/sec,Walking,2025-05-04 15:24:58.070700
CUST-6591,174.86bpm,8.53m/sec,Running,2025-05-04 15:24:58.070709
CUST-6592,167.65bpm,8.13m/sec,Hiking,2025-05-04 15:24:58.070718
CUST-6593,200.89bpm,11.11m/sec,Walking,2025-05-04 15:24:58.070728
CUST-6594,112.19bpm,3.88m/sec,Hiking,2025-05-04 15:24:58.070737
CUST-6595,168.96bpm,4.14m/sec,Running,2025-05-04 15:24:58.070747
CUST-6596,107.18bpm,4.7m/sec,Swimming,2025-05-04 15:24:58.070756
CUST-6597,177.7bpm,4.99m/sec,Hiking,2025-05-04 15:24:58.070766
CUST-6598,156.62bpm,9.65m/sec,Walking,2025-05-04 15:24:58.070775
CUST-6599,143.86bpm,10.45m/sec,Running,2025-05-04 15:24:58.070784
CUST-6600,128.49bpm,2.73m/sec,Running,2025-05-04 15:24:58.070794
CUST-6601,135.61bpm,5.89m/sec,Swimming,2025-05-04 15:24:58.070803
